ON:-
unsigned int data[] = {192, 17868, 2960, 8900, 552, 444, 552, 1452, 520, 476, 516, 476, 460, 568, 512, 444, 556, 440, 548, 444, 488, 504, 556, 1432, 552, 472, 520, 444, 548, 1436, 556, 440, 552, 444, 544, 1468, 524, 1456, 520, 1516, 476, 1512, 504, 1428, 560, 432, 560, 432, 564, 432, 556, 472, 524, 436, 556, 468, 524, 440, 552, 472, 520, 444, 552, 440, 548, 444, 552, 500, 492, 464, 520, 472, 460, 536, 524, 468, 528, 464, 556, 436, 560, 468, 524, 432, 560, 436, 560, 436, 556, 436, 556, 436, 556, 436, 560, 436, 556, 468, 524, 440, 556, 468, 524, 460, 532, 464, 528, 496, 496, 1456, 556, 1428, 560, 1428, 556, 1428, 560, 2928, 3028, 8892, 560, 1424, 560, 436, 556, 440, 552, 436, 560, 468, 524, 444, 548, 496, 496, 464, 524, 468, 528, 1456, 560, 492, 500, 436, 560, 1460, 524, 432, 560, 1428, 560, 1424, 560, 1460, 524, 1436, 552, 1472, 516, 1452, 532, 460, 532, 464, 532, 460, 560, 488, 504, 436, 556, 436, 556, 468, 528, 432, 560, 432, 560, 432, 564, 432, 560, 432, 560, 468, 524, 440, 556, 440, 548, 444, 552, 444, 548, 464, 528, 464, 524, 468, 532, 460, 556, 472, 524, 440, 552, 436, 560, 488, 504, 420, 572, 468, 524, 436, 560, 432, 560, 436, 556, 436, 560, 436, 556, 440, 552, 440, 552, 444, 552, 512, 504, 2904, 3052, 8888, 536, 1452, 532, 496, 524, 484, 508, 436, 556, 436, 560, 432, 560, 436, 560, 468, 524, 432, 560, 1428, 556, 440, 556, 440, 552, 1452, 532, 464, 532, 1452, 532, 1492, 520, 436, 560, 1424, 560, 1428, 556, 1428, 560, 1476, 508, 1432, 556, 1436, 548, 1432, 556, 1452, 532, 464, 532, 460, 532, 460, 560, 1476, 512, 1424, 560, 1424, 560, 436, 560, 432, 560, 436, 556, 440, 556, 436, 556, 436, 556, 468, 528, 440, 552, 1452, 532, 1452, 536, 492, 500, 1452, 560, 1464, 520, 436, 560, 468, 524, 436, 556, 432, 564, 432, 560, 432, 560, 488, 504, 440, 556, 1432, 552, 1432, 552, 1452, 536, 1452, 560, };


OFF:-
unsigned int data[] = {616, 17912, 2920, 8888, 560, 480, 484, 1460, 552, 460, 532, 464, 524, 468, 528, 464, 532, 460, 560, 436, 556, 436, 560, 1424, 560, 432, 560, 432, 564, 1428, 556, 1428, 556, 440, 556, 1432, 552, 1436, 552, 1452, 532, 1488, 500, 1452, 532, 464, 556, 432, 560, 432, 564, 432, 556, 436, 560, 472, 524, 432, 560, 436, 556, 436, 556, 436, 556, 444, 552, 440, 552, 440, 552, 464, 528, 464, 524, 464, 536, 460, 536, 460, 556, 432, 560, 436, 560, 432, 560, 432, 560, 436, 556, 440, 556, 436, 556, 436, 556, 440, 556, 436, 556, 468, 524, 440, 552, 444, 552, 512, 480, 456, 464, 568, 496, 1456, 556, 1480, 508, 2952, 3004, 8888, 564, 1420, 564, 428, 564, 436, 556, 432, 560, 436, 560, 432, 560, 436, 556, 436, 556, 440, 556, 1488, 492, 500, 492, 468, 532, 1452, 560, 436, 556, 1424, 560, 1432, 556, 1428, 556, 1428, 560, 1428, 556, 1432, 556, 440, 552, 444, 552, 492, 500, 496, 488, 504, 496, 496, 500, 460, 556, 436, 560, 468, 524, 432, 560, 436, 560, 436, 556, 436, 556, 432, 560, 436, 556, 440, 556, 436, 556, 440, 552, 444, 548, 444, 552, 496, 496, 464, 524, 464, 532, 496, 500, 460, 556, 436, 560, 436, 556, 436, 556, 436, 560, 468, 524, 432, 560, 436, 560, 432, 556, 436, 560, 436, 556, 440, 548, 2936, 3020, 8900, 552, 1456, 528, 520, 472, 468, 528, 460, 536, 496, 516, 440, 556, 440, 552, 440, 552, 476, 520, 1428, 548, 448, 556, 440, 556, 1428, 556, 1436, 540, 1464, 528, 1456, 464, 532, 460, 1528, 528, 1456, 556, 1432, 556, 1428, 556, 1432, 552, 1432, 488, 1500, 488, 1504, 480, 512, 544, 452, 540, 472, 540, 1444, 532, 1456, 532, 1452, 548, 448, 568, 428, 536, 452, 540, 456, 536, 456, 536, 460, 532, 464, 524, 468, 528, 1460, 528, 1456, 532, 484, 508, 1476, 520, 1468, 524, 468, 528, 468, 528, 464, 524, 472, 524, 468, 524, 468, 524, 468, 524, 472, 520, 472, 520, 476, 516, 1468, 520, 1468, 544,}; 


1)30:- no swing, cool
unsigned int data[] = {592, 17944, 2924, 9004, 420, 568, 424, 1556, 452, 516, 480, 492, 496, 472, 428, 564, 520, 472, 524, 468, 524, 436, 556, 1476, 504, 504, 404, 592, 488, 1460, 504, 524, 488, 508, 492, 1456, 560, 1424, 564, 1496, 492, 1500, 484, 1504, 480, 496, 492, 472, 524, 440, 552, 496, 500, 496, 496, 460, 532, 464, 528, 460, 532, 464, 532, 496, 496, 464, 556, 468, 524, 472, 524, 468, 524, 432, 564, 424, 568, 428, 564, 432, 560, 468, 524, 468, 528, 436, 556, 440, 552, 496, 496, 460, 532, 496, 496, 464, 532, 460, 532, 460, 536, 492, 524, 432, 560, 436, 560, 432, 560, 1424, 560, 1464, 524, 1424, 564, 1428, 556, 2932, 2956, 8964, 552, 1456, 528, 516, 408, 568, 424, 568, 488, 472, 524, 468, 548, 444, 488, 508, 484, 540, 516, 1440, 540, 452, 544, 452, 540, 452, 564, 1424, 564, 432, 560, 1452, 532, 456, 508, 1476, 524, 1464, 520, 1468, 516, 1472, 540, 1444, 540, 1448, 536, 1448, 540, 1448, 536, 456, 536, 460, 532, 460, 512, 1500, 484, 1500, 504, 1484, 508, 484, 564, 428, 536, 460, 536, 456, 536, 456, 536, 456, 540, 1448, 536, 1448, 540, 1448, 536, 1452, 536, 1476, 508, 484, 476, 1508, 536, 1448, 540, 456, 540, 452, 544, 452, 540, 452, 540, 452, 540, 452, 540, 456, 540, 1444, 516, 1472, 540, 1448, 536, 1476, 536, };

2)29:- no swing, cool
unsigned int data[] = {676, 17864, 2992, 8916, 496, 500, 520, 1480, 508, 468, 524, 492, 500, 432, 560, 436, 556, 484, 508, 492, 500, 472, 524, 1424, 560, 436, 556, 440, 552, 1432, 552, 496, 496, 464, 528, 1456, 552, 1432, 556, 1428, 560, 1428, 556, 1424, 560, 468, 524, 488, 504, 436, 556, 396, 600, 436, 556, 440, 552, 468, 524, 460, 532, 464, 516, 472, 532, 520, 512, 424, 556, 436, 556, 484, 512, 484, 508, 492, 500, 436, 556, 432, 560, 436, 556, 436, 560, 468, 524, 436, 556, 436, 556, 436, 556, 440, 552, 460, 536, 516, 472, 516, 472, 472, 524, 460, 560, 468, 524, 468, 528, 1424, 560, 1424, 560, 1476, 508, 1464, 520, 2992, 2964, 8888, 556, 1428, 556, 444, 548, 512, 480, 512, 472, 504, 496, 512, 480, 496, 524, 468, 524, 436, 560, 1424, 560, 436, 556, 468, 524, 488, 504, 1428, 556, 440, 552, 1432, 556, 436, 556, 1436, 548, 1504, 480, 1456, 528, 1452, 600, 1440, 508, 1424, 560, 1428, 556, 1480, 504, 436, 556, 432, 564, 432, 560, 1432, 552, 1436, 548, 1504, 480, 464, 528, 464, 556, 468, 524, 364, 628, 488, 504, 1432, 556, 436, 556, 1480, 504, 1428, 556, 1432, 556, 1428, 556, 468, 524, 1452, 532, 1456, 528, 460, 532, 464, 596, 452, 500, 436, 560, 488, 504, 488, 504, 432, 560, 1424, 560, 1484, 504, 1428, 556, 1432, 552,}; 



3)28:-no swing, cool
unsigned int data[] = {600, 17832, 3016, 8928, 516, 476, 536, 1448, 524, 472, 524, 472, 524, 468, 524, 472, 524, 468, 524, 472, 520, 472, 520, 1464, 524, 468, 524, 472, 520, 1468, 520, 472, 520, 472, 520, 1488, 500, 1488, 516, 1468, 524, 1464, 524, 1460, 528, 468, 524, 468, 524, 468, 524, 472, 520, 472, 520, 476, 516, 476, 520, 472, 520, 476, 516, 472, 520, 500, 496, 496, 508, 488, 512, 480, 512, 480, 520, 476, 516, 476, 520, 472, 520, 472, 520, 476, 516, 476, 520, 472, 520, 472, 520, 476, 516, 476, 520, 476, 516, 476, 516, 500, 492, 500, 496, 500, 504, 488, 512, 480, 516, 1468, 524, 1464, 524, 1460, 528, 1456, 528, 2960, 2992, 8924, 564, 1424, 536, 460, 524, 472, 520, 472, 520, 476, 516, 496, 496, 500, 508, 484, 512, 480, 516, 1468, 524, 472, 520, 472, 524, 1460, 524, 1464, 524, 472, 520, 1464, 524, 472, 520, 1464, 524, 1460, 524, 1484, 512, 1480, 516, 1468, 524, 1460, 528, 1460, 528, 1456, 528, 468, 524, 468, 524, 472, 520, 1468, 520, 1464, 524, 1464, 520, 496, 496, 496, 508, 488, 512, 480, 516, 476, 516, 476, 520, 476, 516, 1468, 524, 1460, 524, 1464, 524, 1464, 524, 468, 524, 1464, 520, 1464, 524, 496, 496, 496, 508, 484, 516, 480, 512, 480, 516, 476, 520, 472, 520, 1468, 520, 1464, 524, 1460, 528, 1460, 524,};

4)27:-no swing, cool
unsigned int data[] = {600, 17920, 2936, 8940, 512, 492, 496, 1428, 556, 500, 492, 496, 500, 496, 496, 460, 532, 464, 528, 464, 532, 496, 520, 1464, 524, 436, 556, 436, 556, 1428, 560, 492, 500, 452, 540, 1428, 556, 1432, 560, 1432, 552, 1472, 516, 1448, 536, 500, 492, 464, 532, 460, 532, 460, 556, 436, 560, 468, 524, 436, 560, 432, 564, 432, 556, 436, 556, 432, 564, 468, 524, 440, 552, 468, 528, 492, 500, 436, 556, 476, 516, 460, 532, 496, 500, 460, 532, 460, 532, 460, 560, 432, 560, 436, 560, 432, 560, 468, 524, 436, 556, 472, 524, 432, 560, 432, 560, 472, 520, 440, 552, 1432, 556, 1452, 532, 1492, 468, 1516, 524, 2980, 2980, 8964, 456, 1508, 500, 436, 560, 468, 524, 468, 524, 436, 556, 436, 560, 436, 556, 468, 524, 444, 548, 1480, 508, 464, 528, 496, 496, 464, 528, 1456, 556, 484, 512, 1432, 552, 472, 524, 1428, 560, 1480, 504, 1464, 520, 1428, 560, 1432, 552, 1436, 552, 1456, 524, 1460, 532, 464, 552, 436, 560, 432, 560, 1428, 560, 1424, 560, 1484, 504, 436, 556, 436, 556, 440, 548, 444, 548, 448, 544, 1440, 552, 1456, 460, 532, 520, 1468, 460, 1528, 548, 1436, 552, 476, 520, 1428, 560, 1428, 556, 436, 488, 512, 548, 444, 484, 540, 452, 508, 484, 540, 516, 472, 520, 1464, 524, 1464, 528, 1456, 528, 1460, 548,} 

5)26:- swing, cool
unsigned int data[] = {600, 17868, 3028, 8908, 464, 564, 452, 1500, 548, 448, 544, 448, 568, 428, 540, 452, 564, 428, 564, 432, 560, 432, 564, 1452, 512, 456, 560, 436, 556, 1448, 456, 536, 528, 468, 528, 1456, 540, 1444, 548, 1440, 544, 1440, 548, 1440, 544, 448, 544, 452, 564, 432, 560, 432, 560, 436, 532, 480, 536, 456, 536, 460, 520, 472, 524, 472, 524, 468, 532, 460, 536, 456, 536, 460, 532, 456, 536, 460, 536, 456, 536, 456, 536, 460, 536, 460, 532, 460, 528, 468, 528, 464, 528, 468, 524, 488, 504, 492, 516, 472, 524, 468, 528, 468, 528, 464, 532, 464, 528, 464, 528, 1460, 532, 1448, 540, 1448, 540, 1448, 544, 2940, 3012, 8912, 560, 1448, 512, 480, 516, 476, 520, 476, 520, 472, 524, 472, 524, 468, 520, 476, 520, 472, 520, 1464, 524, 468, 524, 472, 520, 1468, 520, 472, 520, 1468, 520, 1464, 520, 500, 492, 1492, 512, 1476, 516, 1468, 520, 472, 520, 1468, 520, 472, 520, 1468, 516, 1468, 520, 476, 516, 476, 540, 456, 536, 1448, 516, 1496, 504, 1480, 512, 484, 536, 456, 536, 460, 536, 452, 540, 456, 536, 456, 540, 1444, 540, 456, 540, 1444, 540, 1448, 536, 1448, 540, 484, 508, 1476, 504, 1480, 508, 484, 536, 460, 536, 456, 540, 452, 540, 456, 536, 456, 536, 456, 536, 1452, 536, 1448, 540, 1448, 536, 1448, 536,} 

5)25:- no swing, cool
unsigned int data[] = {600, 17824, 3024, 8916, 528, 468, 544, 1440, 548, 444, 544, 452, 540, 452, 540, 456, 560, 432, 560, 436, 536, 456, 536, 1452, 560, 460, 508, 460, 560, 1476, 488, 476, 524, 464, 532, 1456, 544, 1440, 548, 1440, 548, 1440, 544, 1440, 548, 448, 544, 452, 560, 436, 556, 436, 560, 432, 532, 484, 536, 456, 540, 456, 520, 472, 524, 468, 528, 464, 536, 456, 540, 456, 536, 456, 536, 456, 540, 452, 540, 456, 536, 456, 536, 456, 536, 460, 536, 456, 536, 460, 532, 460, 532, 460, 536, 480, 512, 480, 520, 508, 492, 468, 528, 464, 536, 460, 560, 432, 540, 452, 536, 1448, 568, 1420, 544, 1440, 548, 1440, 484, 3004, 3032, 8888, 552, 1456, 520, 472, 460, 532, 528, 468, 528, 464, 532, 464, 564, 428, 564, 432, 560, 428, 544, 1440, 548, 448, 544, 448, 568, 1420, 544, 1444, 544, 448, 544, 1472, 516, 468, 464, 1528, 524, 1456, 528, 1460, 548, 1436, 552, 1436, 548, 1436, 556, 1432, 548, 1440, 548, 448, 544, 452, 536, 456, 560, 1444, 524, 1464, 528, 1456, 536, 460, 532, 460, 568, 428, 540, 452, 540, 452, 540, 1444, 568, 428, 540, 456, 536, 1452, 536, 1448, 560, 1448, 540, 456, 508, 1476, 524, 1464, 528, 464, 528, 468, 528, 464, 528, 464, 528, 468, 524, 468, 520, 476, 520, 1464, 520, 1468, 520, 1468, 516, 1468, 544,};

6)24:- no swing, cool
unsigned int data[233] = {600, 17884, 3004, 8936, 512, 432, 560, 1428, 556, 432, 560, 440, 552, 436, 556, 440, 552, 440, 488, 504, 552, 448, 544, 1440, 552, 440, 548, 448, 548, 1460, 456, 536, 460, 536, 456, 1524, 556, 1432, 552, 1432, 556, 1432, 556, 1428, 556, 440, 552, 440, 556, 444, 552, 468, 524, 444, 548, 448, 548, 496, 492, 500, 424, 536, 460, 536, 516, 472, 520, 472, 556, 440, 552, 440, 552, 472, 456, 504, 488, 508, 484, 508, 544, 448, 488, 508, 484, 508, 484, 540, 512, 456, 544, 448, 480, 532, 460, 536, 516, 476, 520, 472, 524, 504, 424, 532, 548, 444, 488, 508, 488, 1496, 556, 1428, 560, 1432, 588, 1396, 484, 3000, 3020, 8904, 552, 1488, 496, 460, 524, 472, 524, 468, 460, 536, 520, 472, 528, 464, 556, 440, 556, 468, 524, 1428, 552, 440, 556, 472, 524, 432, 560, 436, 556, 1464, 452, 1504, 552, 444, 548, 1456, 460, 1528, 528, 1456, 556, 1432, 556, 1428, 560, 1428, 556, 1484, 500, 1432, 556, 440, 556, 436, 552, 444, 552, 1472, 512, 1452, 532, 1456, 560, 488, 504, 436, 556, 436, 560, 436, 556, 488, 504, 436, 560, 432, 556, 436, 560, 1480, 504, 1432, 552, 1440, 548, 440, 552, 1516, 472, 1452, 536, 460, 556, 496, 500, 488, 504, 436, 556, 436, 556, 472, 524, 432, 560, 1428, 556, 1432, 556, 1428, 556, 1488, 524,}; 


7)23:- no swing, cool
unsigned int data[] = {648, 17824, 2952, 8984, 460, 532, 460, 1556, 428, 536, 456, 532, 484, 512, 548, 440, 488, 504, 488, 504, 488, 508, 484, 1500, 484, 512, 480, 508, 488, 1500, 484, 512, 480, 516, 476, 1524, 460, 1524, 464, 1524, 460, 1524, 484, 1496, 488, 508, 488, 504, 488, 504, 488, 504, 488, 508, 484, 508, 484, 508, 484, 512, 480, 516, 476, 536, 456, 536, 460, 528, 460, 536, 460, 532, 460, 532, 460, 536, 484, 508, 484, 504, 488, 504, 488, 508, 484, 508, 484, 508, 484, 540, 452, 512, 480, 540, 452, 512, 484, 536, 456, 536, 460, 528, 460, 532, 460, 532, 520, 472, 524, 1496, 452, 1496, 488, 1500, 484, 1500, 484, 3000, 3016, 8896, 484, 1504, 540, 452, 480, 512, 480, 544, 512, 472, 516, 476, 460, 532, 528, 464, 528, 464, 524, 1464, 540, 452, 544, 480, 452, 540, 516, 1436, 544, 448, 544, 1440, 544, 452, 544, 1444, 480, 1504, 480, 1524, 460, 1528, 524, 1460, 524, 1492, 452, 1504, 544, 1440, 544, 444, 548, 448, 540, 452, 544, 1444, 544, 1444, 476, 1524, 524, 468, 520, 508, 428, 564, 496, 496, 496, 468, 524, 1456, 548, 1440, 548, 1432, 548, 448, 548, 1436, 548, 1468, 512, 456, 540, 1444, 540, 1464, 520, 476, 456, 536, 520, 504, 492, 464, 532, 464, 544, 448, 548, 444, 548, 1436, 548, 1436, 548, 1440, 544, 1444, 536};

8)22:- no swing, cool
unsigned int data[] = {628, 17788, 3048, 8884, 560, 468, 524, 1428, 556, 436, 556, 428, 564, 436, 556, 436, 560, 464, 528, 440, 556, 464, 524, 1488, 496, 464, 524, 464, 568, 1416, 556, 500, 496, 468, 524, 1428, 596, 1388, 560, 1428, 556, 1428, 556, 1428, 560, 436, 556, 468, 524, 376, 656, 420, 532, 496, 492, 464, 532, 496, 496, 460, 560, 436, 556, 468, 528, 468, 524, 480, 512, 468, 524, 432, 560, 432, 560, 468, 524, 436, 556, 468, 528, 440, 548, 444, 552, 440, 552, 460, 532, 460, 460, 532, 528, 500, 492, 464, 556, 440, 556, 432, 560, 436, 556, 436, 556, 436, 560, 468, 524, 1428, 556, 1428, 556, 1460, 528, 1432, 548, 2968, 2984, 8916, 520, 1464, 528, 464, 528, 464, 560, 436, 556, 432, 560, 436, 556, 436, 560, 432, 560, 468, 524, 1424, 560, 436, 556, 440, 552, 1428, 556, 1432, 556, 460, 532, 1452, 524, 444, 552, 1492, 520, 1432, 556, 1428, 560, 1424, 556, 1432, 556, 1428, 556, 1432, 552, 1440, 548, 440, 548, 464, 532, 464, 520, 1460, 528, 1460, 556, 1424, 564, 432, 556, 436, 556, 436, 560, 432, 560, 436, 556, 468, 524, 1428, 556, 1428, 556, 444, 552, 1452, 532, 1456, 524, 464, 528, 1456, 560, 1424, 560, 436, 560, 468, 524, 432, 560, 468, 524, 432, 560, 436, 556, 436, 556, 1432, 556, 1432, 552, 1452, 532, 1452, 560, };


9)21:- no swing, cool
unsigned int data[] = {600, 17880, 3008, 8912, 532, 456, 540, 1448, 536, 460, 532, 488, 508, 460, 532, 484, 508, 484, 512, 484, 528, 464, 532, 1452, 536, 456, 536, 460, 536, 1448, 536, 456, 540, 456, 536, 1448, 536, 1448, 536, 1452, 536, 1452, 536, 1476, 508, 484, 512, 480, 532, 460, 536, 456, 536, 460, 536, 456, 540, 456, 536, 456, 536, 456, 540, 452, 540, 452, 540, 456, 536, 456, 540, 456, 536, 456, 536, 484, 512, 456, 536, 480, 512, 480, 492, 500, 532, 464, 532, 460, 512, 480, 540, 460, 532, 456, 536, 456, 540, 452, 540, 452, 516, 480, 536, 456, 540, 452, 536, 460, 536, 1448, 536, 1448, 540, 1472, 512, 1476, 540, 2920, 3036, 8908, 532, 1452, 540, 456, 536, 456, 516, 476, 540, 456, 536, 456, 540, 452, 540, 452, 540, 456, 536, 1448, 516, 480, 536, 480, 512, 1472, 484, 1504, 536, 456, 536, 1448, 544, 452, 540, 1444, 516, 1472, 516, 1468, 516, 1472, 516, 1468, 516, 1472, 540, 1472, 492, 1492, 536, 456, 536, 460, 512, 480, 516, 1468, 520, 1468, 516, 1468, 544, 452, 540, 452, 540, 456, 512, 480, 516, 476, 540, 1448, 536, 480, 512, 1476, 528, 464, 532, 1452, 516, 1472, 540, 452, 540, 1444, 544, 1444, 540, 452, 540, 456, 536, 456, 516, 480, 536, 456, 536, 484, 488, 500, 492, 1496, 480, 1504, 536, 1452, 536, 1448, 540, };

10)20:- no swing, cool
unsigned int data[] = {676, 17800, 3048, 8892, 524, 500, 488, 1464, 556, 436, 556, 468, 524, 440, 552, 432, 560, 440, 552, 472, 520, 440, 556, 1432, 552, 468, 524, 468, 524, 1488, 496, 496, 496, 516, 520, 1412, 524, 1496, 524, 1424, 564, 1460, 520, 1428, 556, 436, 556, 472, 524, 440, 552, 440, 552, 440, 552, 444, 548, 444, 548, 464, 524, 468, 528, 468, 584, 440, 424, 532, 548, 448, 552, 456, 540, 432, 556, 440, 552, 436, 560, 472, 520, 472, 520, 436, 556, 440, 552, 440, 552, 472, 524, 440, 552, 444, 548, 464, 524, 468, 460, 532, 520, 472, 524, 468, 548, 444, 552, 440, 556, 1432, 552, 1432, 552, 1432, 556, 1428, 552, 2936, 3020, 8924, 520, 1436, 548, 324, 668, 500, 488, 472, 520, 472, 460, 532, 520, 468, 552, 444, 544, 448, 552, 1436, 548, 476, 520, 440, 552, 440, 548, 444, 552, 1432, 548, 1444, 544, 448, 548, 1460, 524, 1460, 460, 1524, 520, 1500, 516, 1432, 556, 1428, 552, 1432, 552, 1436, 552, 440, 548, 448, 548, 448, 480, 1504, 540, 1468, 524, 1460, 520, 468, 464, 532, 460, 532, 548, 444, 548, 444, 548, 444, 548, 480, 452, 1500, 552, 440, 552, 1436, 552, 1436, 548, 444, 548, 1440, 544, 1460, 460, 532, 460, 568, 424, 532, 520, 472, 552, 440, 552, 476, 516, 440, 488, 1500, 552, 1436, 544, 1440, 548, 1440, 480,};

11)19:- no swing, cool
unsigned int data[] = {600, 17844, 3032, 8904, 536, 460, 536, 1448, 536, 456, 540, 456, 536, 456, 540, 456, 536, 456, 536, 484, 512, 456, 536, 1472, 484, 508, 508, 484, 516, 1472, 536, 456, 540, 456, 516, 1468, 540, 1444, 516, 1472, 540, 1444, 516, 1472, 540, 480, 516, 452, 512, 508, 488, 504, 484, 508, 504, 488, 508, 488, 532, 456, 516, 480, 540, 452, 516, 480, 512, 480, 540, 452, 540, 452, 516, 480, 512, 480, 512, 480, 516, 480, 536, 456, 536, 484, 488, 504, 488, 504, 428, 564, 484, 508, 508, 484, 536, 460, 512, 480, 540, 452, 540, 452, 540, 452, 540, 456, 516, 476, 516, 1468, 540, 1448, 516, 1472, 536, 1452, 560, 2924, 2980, 8964, 480, 1504, 508, 484, 536, 456, 516, 480, 536, 456, 512, 480, 512, 484, 512, 480, 512, 480, 512, 1472, 512, 484, 512, 480, 512, 1476, 512, 1496, 488, 508, 476, 1508, 488, 504, 488, 1500, 512, 1476, 508, 1476, 512, 1472, 516, 1472, 512, 1476, 512, 1472, 516, 1472, 512, 504, 492, 504, 484, 508, 484, 1500, 512, 1476, 536, 1448, 516, 480, 536, 456, 536, 456, 516, 476, 516, 480, 512, 1472, 516, 1468, 540, 460, 532, 460, 508, 1500, 480, 1508, 484, 508, 484, 1500, 512, 1476, 512, 480, 488, 504, 488, 504, 484, 512, 456, 536, 456, 536, 456, 540, 480, 1504, 456, 1556, 428, 1560, 448, 1536, 456, };

12)18:- no swing, cool
unsigned int data[] = {620, 17800, 3068, 8848, 552, 368, 624, 1432, 556, 440, 552, 508, 484, 456, 532, 524, 472, 516, 500, 492, 504, 492, 500, 1480, 504, 432, 560, 436, 560, 1424, 560, 432, 560, 436, 556, 1428, 556, 1432, 552, 1508, 476, 1456, 532, 1504, 504, 484, 512, 492, 500, 468, 524, 436, 556, 436, 556, 484, 512, 432, 560, 432, 560, 436, 556, 468, 524, 440, 552, 440, 552, 440, 552, 444, 548, 516, 480, 460, 528, 500, 496, 508, 508, 436, 556, 436, 560, 492, 500, 436, 556, 496, 496, 488, 504, 488, 508, 428, 564, 464, 528, 436, 556, 436, 556, 436, 556, 440, 552, 444, 548, 1456, 524, 1508, 484, 1512, 496, 1476, 512, 2932, 3024, 8932, 508, 1424, 564, 468, 520, 436, 556, 492, 500, 436, 560, 436, 556, 436, 556, 444, 548, 520, 472, 1456, 528, 464, 568, 472, 508, 496, 496, 472, 524, 1476, 508, 1428, 556, 488, 504, 1424, 560, 1460, 524, 1432, 556, 1460, 524, 1452, 532, 1456, 528, 1456, 556, 1428, 560, 484, 508, 432, 560, 484, 508, 1428, 556, 1488, 500, 1428, 556, 436, 556, 440, 552, 468, 524, 440, 552, 496, 496, 516, 476, 1488, 520, 440, 556, 492, 540, 1388, 560, 1488, 496, 496, 496, 1472, 516, 1424, 560, 432, 560, 436, 556, 440, 552, 444, 548, 476, 516, 516, 480, 460, 528, 1508, 504, 1428, 560, 1424, 560, 1424, 560,}; 

12)17:- no swing, cool
unsigned int data[] = {600, 17900, 3008, 8908, 536, 460, 532, 1476, 480, 512, 532, 464, 520, 472, 536, 456, 516, 480, 516, 476, 536, 456, 516, 1468, 540, 456, 512, 480, 540, 1444, 540, 456, 536, 456, 516, 1472, 512, 1496, 492, 1496, 480, 1504, 536, 1452, 536, 456, 540, 452, 512, 480, 512, 484, 512, 480, 512, 480, 512, 480, 512, 484, 484, 508, 488, 508, 484, 508, 484, 532, 460, 536, 428, 564, 452, 540, 456, 536, 456, 540, 484, 508, 484, 508, 488, 504, 488, 504, 488, 508, 508, 484, 512, 480, 512, 484, 536, 456, 512, 480, 512, 484, 508, 488, 508, 504, 488, 504, 488, 508, 480, 1504, 484, 1504, 512, 1472, 516, 1472, 512, 2976, 2924, 8988, 488, 1500, 484, 512, 452, 540, 484, 508, 508, 488, 508, 484, 508, 508, 484, 512, 456, 536, 476, 1508, 480, 512, 512, 480, 516, 480, 512, 484, 484, 1496, 488, 1500, 512, 480, 512, 1476, 508, 1480, 512, 1472, 508, 1504, 456, 1528, 428, 1560, 452, 1532, 508, 1480, 484, 528, 464, 508, 484, 512, 504, 1476, 488, 1524, 456, 1512, 504, 512, 452, 540, 456, 540, 448, 544, 448, 544, 448, 1536, 480, 512, 480, 516, 480, 512, 480, 1504, 480, 1508, 480, 512, 480, 1508, 480, 1508, 476, 540, 452, 540, 452, 540, 452, 544, 452, 540, 476, 516, 452, 544, 476, 1508, 476, 1508, 480, 1508, 480, 1504, 480,};

13)16:- no swing, cool
unsigned int data[] = {600, 17860, 3012, 8928, 508, 484, 536, 1452, 540, 452, 540, 456, 512, 480, 540, 452, 516, 476, 540, 452, 540, 456, 540, 1448, 536, 456, 536, 456, 516, 1496, 512, 480, 484, 508, 508, 1480, 536, 1448, 516, 1472, 516, 1468, 540, 1448, 516, 476, 516, 476, 540, 456, 536, 456, 516, 480, 512, 504, 488, 480, 536, 480, 488, 508, 484, 508, 484, 508, 504, 492, 532, 456, 516, 480, 512, 480, 516, 476, 516, 476, 516, 480, 512, 480, 512, 480, 512, 484, 508, 484, 512, 480, 512, 484, 508, 508, 484, 508, 484, 508, 480, 516, 452, 540, 484, 508, 484, 508, 512, 484, 536, 1448, 516, 1468, 540, 1448, 540, 1448, 536, 2952, 2980, 8936, 540, 1444, 516, 504, 488, 504, 484, 508, 480, 516, 452, 540, 456, 536, 484, 508, 488, 508, 456, 1528, 484, 508, 456, 540, 456, 1528, 484, 508, 484, 1504, 480, 1508, 480, 536, 488, 1500, 428, 1556, 484, 1500, 484, 1504, 540, 1444, 512, 1476, 488, 1496, 512, 1476, 484, 512, 480, 512, 480, 516, 504, 1500, 460, 1528, 456, 1528, 452, 544, 476, 516, 480, 516, 508, 484, 480, 508, 484, 512, 480, 512, 480, 512, 484, 512, 504, 1480, 480, 1508, 480, 540, 452, 1532, 452, 1536, 448, 544, 448, 544, 448, 544, 476, 520, 476, 516, 480, 512, 480, 516, 476, 1504, 480, 1508, 480, 1508, 476, 1508, 476, };








encyrpted values for no swing, cool mode, fan speed-3:
ON=7e3b55c4b16ff4e73b9f7092328921b6
OF=c78c992ebd0b4fb06b5cd2d70ef9454b
30=8f6658a306d37b2a292bf76051a05727
29=c6783db30f0614d95c0b45a72449e5a5
28=d56606c2aa4ab40c8d11419a773b4d7f
27=66ab5000c4d2d97a060f615eb3dd8526
26=009f825d944354a99feac1463872ee62
25=7fa7408907cee176a2e6fcfeda086bdb
24=3876f5b0d0a50c41f31ab79c9a3747db
23=8acd79510da2ce75daf842574b070e1e
22=33665d65dad0f26c8318bb616647d622
21=08c9b86923119eebd461e3bb78bca707
20=f16b4398c8c8388cefaa32aa198bab7e
19=c3fa5a9cef2830841765089f512a84b9
18=844abd713cba6e8c21ceac12dea0ca90
17=2603821981f4d5e8aaee9b741de45d2e
16=2603821981f4d5e8aaee9b741de45d2e


binary values=
ON=0111000100000000000000010000010000010101010100000000000000000000000000000000000000000000000000000000000000000101010101110100000000000000000100000100010101010101000000000000000000000000000000000000000000000000000000000000000000000000011101000000000000000001000001000101000101010101010101000000010101000000000000000001010001010000000000000000010101010
OF=0111000100000000000000010000010100010101010100000000000000000000000000000000000000000000000000000000000000000000010101110100000000000000000100000100010101010101000000000000000000000000000000000000000000000000000000000000000000000000011101000000000000000001000001010101000101010101010101000000010101000000000000000001010001010000000000000000000001010
30=01110001000000000000000100000100000101010101000000000000000000000000000000000000000000000000000000000000000001010101011101000000000000000001000000010001000101010101010101000000010101000000000000010101010100010100000000000000010101010
29=01110001000000000000000100000100000101010101000000000000000000000000000000000000000000000000000000000000000001010101011101000000000000000001000000010001000101010101010101000000010101000000000001000101010100010100000000000000010101010
28=01110001000000000000000100000100000101010101000000000000000000000000000000000000000000000000000000000000000001010101011101000000000000000001000001010001000101010101010101000000010101000000000000000101010100010100000000000000010101010
27=01110001000000000000000100000100000101010101000000000000000000000000000000000000000000000000000000000000000001010101011101000000000000000001000000010001000101010101010101000000010101000000000001010001010100010100000000000000010101010
26=01110001000000000000000100000100000101010101000000000000000000000000000000000000000000000000000000000000000001010101011101000000000000000001000001000101000101010001000101000000010101000000000000010001010100010100000000000000010101010
25=01110001000000000000000100000100000101010101000000000000000000000000000000000000000000000000000000000000000001010101011101000000000000000001000001010001000101010101010101000000010101000000000001000001010100010100000000000000010101010
24=01110001000000000000000100000100000101010101000000000000000000000000000000000000000000000000000000000000000001010101011101000000000000000001000000000101000101010101010101000000010101000000000000000001010100010100000000000000010101010
23=01110001000000000000000100000100000101010101000000000000000000000000000000000000000000000000000000000000000001010101011101000000000000000001000000010001000101010101010101000000010101000000000001010100010100010100000000000000010101010
22=01110001000000000000000100000100000101010101000000000000000000000000000000000000000000000000000000000000000001010101011101000000000000000001000001010001000101010101010101000000010101000000000000010100010100010100000000000000010101010
21=01110001000000000000000100000100000101010101000000000000000000000000000000000000000000000000000000000000000001010101011101000000000000000001000001010001000101010101010101000000010101000000000001000100010100010100000000000000010101010
20=01110001000000000000000100000100000101010101000000000000000000000000000000000000000000000000000000000000000001010101011101000000000000000001000000000101000101010101010101000000010101000000000000000100010100010100000000000000010101010
19=01110001000000000000000100000100000101010101000000000000000000000000000000000000000000000000000000000000000001010101011101000000000000000001000001010001000101010101010101000000010101000000000001010000010100010100000000000000010101010
18=01110001000000000000000100000100000101010101000000000000000000000000000000000000000000000000000000000000000001010101011101000000000000000001000000000101000101010101010101000000010101000000000000010000010100010100000000000000010101010
17=01110001000000000000000100000100000101010101000000000000000000000000000000000000000000000000000000000000000001010101011101000000000000000001000000000101000101010101010101000000010101000000000001000000010100010100000000000000010101010
16=01110001000000000000000100000100000101010101000000000000000000000000000000000000000000000000000000000000000001010101011101000000000000000001000000000101000101010101010101000000010101000000000001000000010100010100000000000000010101010



binary hex values: (NO SWING, FAN SPEED-3, COOL)

30:E20002082AA0000000000000000AAE800020222AAA80A8002AA28000AA
29:E20002082AA0000000000000000AAE800020222AAA80A8008AA28000AA
28:E20002082AA0000000000000000AAE800020A22AAA80A8000AA28000AA
27:E20002082AA0000000000000000AAE800020222AAA80A800A2A28000AA
26:E20002082AA0000000000000000AAE8000208A2A2280A80022A28000AA
25:E20002082AA0000000000000000AAE800020A22AAA80A80082A28000AA
24:E20002082AA0000000000000000AAE8000200A2AAA80A80002A28000AA
23:E20002082AA0000000000000000AAE800020222AAA80A800A8A28000AA
22:E20002082AA0000000000000000AAE800020A22AAA80A80028A28000AA
21:E20002082AA0000000000000000AAE800020A22AAA80A80088A28000AA
20:E20002082AA0000000000000000AAE8000200A2AAA80A80008A28000AA
19:E20002082AA0000000000000000AAE800020A22AAA80A800A0A28000AA
18:E20002082AA0000000000000000AAE8000200A2AAA80A80020A28000AA
17:E20002082AA0000000000000000AAE8000200A2AAA80A80080A28000AA
16:E20002082AA0000000000000000AAE8000200A2AAA80A80080A28000AA

























