30:- no swing, cool, fan(1)
unsigned int data[233] = {616, 17904, 2976, 8892, 556, 440, 552, 1500, 488, 504, 484, 464, 568, 476, 544, 400, 556, 496, 496, 484, 508, 496, 500, 1488, 496, 488, 508, 480, 512, 1472, 516, 432, 560, 432, 560, 1460, 524, 1452, 536, 1512, 508, 1476, 536, 1392, 560, 432, 560, 432, 564, 432, 556, 492, 504, 488, 504, 468, 528, 484, 508, 492, 500, 432, 560, 436, 556, 440, 552, 440, 556, 508, 484, 460, 572, 480, 508, 428, 592, 452, 544, 456, 500, 484, 508, 436, 556, 484, 512, 480, 512, 484, 508, 436, 556, 496, 500, 484, 508, 432, 560, 492, 500, 436, 560, 440, 552, 508, 484, 508, 480, 1508, 544, 1452, 536, 1436, 512, 1480, 508, 2976, 2980, 8884, 564, 1484, 500, 496, 500, 432, 560, 436, 556, 436, 556, 436, 556, 472, 524, 504, 488, 520, 472, 1508, 540, 452, 544, 456, 500, 1476, 508, 1480, 508, 484, 508, 1428, 560, 484, 508, 1432, 552, 1460, 528, 1432, 552, 1504, 476, 1520, 532, 1392, 560, 1428, 560, 1480, 504, 492, 500, 480, 516, 480, 512, 1424, 564, 1484, 500, 1428, 556, 440, 556, 468, 524, 508, 484, 460, 568, 424, 568, 424, 596, 1444, 508, 1480, 508, 1472, 512, 1476, 512, 484, 508, 1428, 556, 492, 500, 1432, 552, 444, 552, 468, 528, 508, 480, 496, 532, 424, 572, 420, 600, 396, 560, 1476, 512, 1460, 524, 1476, 512, 1476, 508}; 


29:- no swing, cool, fan(1)
unsigned int data[233] = {676, 17808, 3028, 8936, 508, 436, 556, 1464, 524, 440, 552, 444, 548, 496, 500, 496, 492, 500, 492, 464, 532, 496, 524, 1428, 560, 432, 560, 432, 560, 1428, 560, 492, 500, 436, 556, 1428, 560, 1428, 556, 1432, 556, 1452, 532, 1508, 476, 460, 532, 464, 556, 472, 520, 496, 500, 436, 560, 484, 508, 468, 524, 432, 560, 432, 560, 472, 524, 432, 560, 436, 556, 468, 524, 468, 524, 444, 552, 460, 532, 496, 496, 512, 480, 520, 476, 460, 556, 436, 560, 432, 560, 488, 504, 432, 564, 432, 560, 432, 560, 488, 504, 436, 560, 464, 528, 468, 524, 436, 556, 440, 556, 1432, 552, 1432, 536, 1472, 532, 1456, 556, 2912, 3048, 8884, 560, 1428, 560, 484, 508, 432, 560, 432, 560, 496, 500, 464, 528, 436, 556, 440, 552, 436, 560, 1432, 552, 460, 532, 460, 532, 1516, 496, 1484, 504, 436, 556, 1428, 560, 436, 556, 1428, 556, 1428, 560, 1428, 556, 1436, 552, 1432, 556, 1504, 404, 1588, 472, 1452, 596, 400, 560, 492, 500, 436, 556, 1476, 512, 1424, 564, 1476, 508, 432, 560, 436, 556, 468, 528, 436, 556, 440, 552, 1512, 472, 524, 468, 1508, 540, 1440, 512, 1480, 508, 476, 516, 1428, 560, 480, 512, 1480, 504, 488, 508, 464, 528, 432, 560, 440, 552, 468, 524, 524, 472, 460, 568, 1416, 592, 1448, 508, 1480, 504, 1480, 504};


28:- no swing, cool, fan(1)
unsigned int data[233] = {636, 17860, 3028, 8888, 552, 440, 556, 1464, 520, 440, 552, 444, 548, 444, 548, 448, 544, 448, 548, 468, 520, 504, 496, 1456, 524, 472, 460, 532, 520, 1464, 552, 444, 552, 440, 548, 1436, 552, 1436, 552, 1436, 548, 1440, 480, 1536, 516, 452, 540, 468, 528, 468, 460, 532, 460, 532, 460, 532, 464, 528, 548, 448, 552, 440, 556, 472, 452, 508, 548, 440, 556, 440, 488, 508, 484, 508, 552, 444, 552, 440, 548, 448, 544, 448, 480, 532, 528, 464, 464, 564, 428, 536, 456, 532, 520, 476, 548, 444, 552, 440, 556, 440, 548, 444, 552, 440, 548, 448, 548, 444, 548, 1436, 544, 1444, 548, 1444, 540, 1464, 552, 2912, 3048, 8892, 460, 1524, 488, 504, 488, 508, 552, 440, 548, 444, 552, 444, 552, 440, 548, 444, 548, 448, 552, 1432, 484, 512, 484, 512, 548, 448, 540, 472, 456, 1528, 460, 1524, 460, 532, 552, 1436, 552, 1432, 488, 1500, 548, 1436, 556, 1432, 552, 1436, 548, 1440, 548, 1464, 524, 468, 456, 540, 452, 532, 528, 1460, 548, 1436, 488, 1536, 512, 448, 548, 444, 548, 444, 484, 512, 548, 440, 548, 448, 548, 448, 548, 1468, 516, 1464, 524, 1492, 428, 532, 460, 1560, 516, 440, 492, 1496, 552, 476, 520, 472, 516, 444, 488, 504, 552, 444, 548, 444, 548, 444, 548, 1444, 548, 1460, 524, 1460, 460, 1524, 560};



27:- no swing, cool, fan(1)
unsigned int data[233] = {576, 17904, 2992, 8896, 552, 520, 472, 1456, 528, 464, 532, 460, 560, 436, 556, 436, 560, 488, 504, 432, 560, 492, 500, 1476, 512, 432, 560, 432, 560, 1428, 560, 436, 556, 440, 552, 1456, 532, 1504, 516, 1416, 596, 1392, 556, 1428, 560, 496, 496, 488, 508, 432, 560, 436, 556, 436, 556, 436, 560, 436, 556, 436, 556, 436, 556, 440, 552, 448, 548, 460, 532, 464, 528, 496, 496, 496, 496, 464, 556, 436, 560, 432, 560, 432, 560, 436, 560, 484, 508, 468, 524, 436, 556, 436, 556, 440, 552, 440, 552, 444, 552, 440, 544, 452, 480, 532, 524, 504, 424, 532, 464, 1524, 524, 1464, 552, 1468, 520, 1428, 556, 2932, 2960, 8960, 540, 1448, 524, 472, 516, 476, 516, 480, 512, 480, 536, 480, 512, 484, 512, 480, 504, 488, 508, 1480, 532, 460, 536, 456, 540, 1448, 536, 1448, 540, 452, 540, 1448, 536, 456, 536, 1452, 536, 1448, 536, 1476, 512, 1476, 504, 1480, 508, 1476, 536, 1452, 536, 1452, 532, 460, 536, 456, 512, 480, 536, 1452, 536, 1452, 508, 1476, 536, 480, 512, 484, 508, 484, 508, 484, 508, 484, 508, 1480, 508, 1476, 536, 460, 512, 1472, 536, 1448, 540, 456, 536, 1452, 536, 456, 536, 1448, 536, 460, 536, 480, 512, 484, 476, 516, 532, 460, 532, 460, 536, 456, 540, 1448, 540, 1444, 540, 1448, 540, 1444, 540};


26:- no swing, cool, fan(1)
unsigned int data[233] = {568, 17936, 2968, 8976, 468, 524, 472, 1476, 508, 440, 556, 436, 556, 496, 496, 444, 552, 456, 532, 552, 444, 548, 444, 1544, 468, 496, 496, 524, 472, 1476, 508, 488, 504, 436, 560, 1516, 468, 1484, 500, 1436, 548, 1436, 552, 1480, 504, 552, 436, 524, 476, 552, 444, 512, 508, 436, 552, 492, 504, 492, 500, 524, 468, 524, 468, 528, 464, 528, 468, 484, 508, 492, 504, 436, 552, 492, 504, 440, 552, 444, 552, 512, 476, 552, 436, 560, 444, 460, 536, 544, 468, 496, 496, 492, 504, 484, 508, 524, 468, 524, 468, 488, 504, 500, 496, 492, 500, 492, 500, 500, 496, 1480, 504, 1472, 488, 1532, 464, 1560, 444, 2936, 3048, 8976, 444, 1456, 528, 552, 444, 548, 444, 548, 468, 528, 440, 552, 444, 548, 444, 512, 504, 440, 528, 1504, 484, 468, 548, 552, 440, 520, 468, 560, 440, 1544, 448, 1536, 468, 496, 496, 1520, 444, 1544, 440, 1544, 444, 1504, 484, 1456, 528, 1460, 524, 1496, 492, 1480, 532, 548, 448, 548, 444, 520, 496, 1516, 468, 1492, 496, 1516, 444, 552, 464, 528, 464, 528, 444, 464, 552, 440, 552, 488, 508, 1476, 508, 464, 528, 1548, 444, 1540, 468, 496, 500, 1516, 468, 524, 468, 1520, 464, 528, 468, 492, 500, 488, 504, 492, 500, 500, 496, 484, 508, 444, 548, 1436, 548, 1508, 472, 1520, 480, 1508, 496};


25:- no swing, cool, fan(1)
unsigned int data[233] = {676, 17860, 2976, 8888, 560, 432, 560, 1428, 560, 436, 552, 444, 552, 440, 552, 440, 556, 456, 536, 460, 528, 500, 492, 1460, 556, 436, 556, 436, 560, 1460, 524, 496, 500, 468, 520, 1428, 560, 1428, 560, 1428, 556, 1436, 552, 1452, 532, 460, 528, 464, 532, 464, 528, 464, 556, 428, 568, 468, 524, 432, 560, 432, 560, 440, 556, 468, 524, 432, 560, 436, 560, 432, 560, 468, 524, 440, 552, 440, 552, 444, 552, 460, 532, 460, 528, 468, 528, 464, 528, 500, 520, 436, 560, 432, 560, 432, 560, 436, 560, 468, 524, 484, 508, 432, 560, 436, 556, 436, 560, 436, 556, 1428, 556, 1440, 548, 1452, 532, 1504, 508, 2908, 3052, 8948, 536, 1424, 524, 424, 568, 432, 564, 484, 508, 432, 560, 472, 520, 436, 556, 484, 512, 436, 556, 1460, 524, 472, 524, 512, 480, 516, 472, 500, 496, 1512, 500, 1428, 560, 436, 556, 1476, 512, 1424, 560, 1424, 560, 1432, 556, 1432, 552, 1432, 556, 1456, 528, 1504, 480, 464, 532, 516, 500, 440, 556, 1484, 504, 1428, 556, 1428, 556, 496, 500, 468, 524, 436, 556, 436, 560, 436, 556, 1432, 552, 444, 552, 516, 476, 1452, 532, 1508, 504, 472, 524, 1480, 504, 484, 512, 1460, 524, 468, 524, 432, 560, 484, 508, 472, 524, 468, 524, 440, 552, 440, 556, 1484, 500, 1504, 476, 1456, 556, 1432, 560};


25:- no swing, cool, fan(1)
unsigned int data[233] = {620, 17836, 3000, 8888, 532, 464, 528, 1504, 512, 436, 556, 488, 508, 492, 496, 492, 504, 468, 524, 432, 560, 472, 520, 1428, 560, 436, 556, 468, 524, 1436, 552, 468, 524, 460, 532, 1516, 468, 1456, 596, 1444, 508, 1476, 508, 1484, 500, 488, 508, 484, 508, 432, 560, 436, 556, 436, 556, 440, 556, 444, 548, 440, 552, 444, 548, 508, 488, 516, 472, 524, 472, 524, 556, 376, 556, 476, 516, 484, 512, 484, 508, 432, 560, 432, 560, 488, 508, 484, 508, 436, 556, 436, 556, 440, 556, 436, 556, 392, 600, 496, 500, 512, 480, 460, 528, 524, 472, 520, 500, 468, 524, 1484, 504, 1476, 508, 1428, 560, 1476, 508, 2984, 2976, 8888, 556, 1432, 552, 444, 552, 440, 552, 444, 548, 508, 476, 468, 532, 460, 560, 436, 556, 436, 560, 1488, 496, 488, 508, 492, 500, 484, 508, 436, 556, 1476, 512, 1432, 552, 440, 556, 1436, 548, 1504, 484, 1500, 480, 1456, 560, 1428, 560, 1460, 524, 1464, 524, 1476, 508, 488, 504, 436, 560, 432, 560, 1428, 556, 1432, 556, 1512, 472, 508, 484, 512, 520, 476, 540, 404, 556, 480, 512, 1428, 560, 492, 500, 492, 500, 1480, 508, 1480, 508, 432, 556, 1428, 560, 432, 560, 1464, 520, 512, 480, 520, 512, 424, 592, 400, 596, 396, 560, 484, 512, 484, 508, 1476, 508, 1480, 508, 1420, 564, 1424, 564};


24:- no swing, cool, fan(1)
unsigned int data[233] = {676, 17792, 3056, 8884, 532, 464, 556, 1464, 524, 436, 556, 468, 524, 436, 560, 432, 560, 436, 556, 428, 564, 440, 556, 1432, 552, 440, 552, 444, 552, 1488, 496, 496, 492, 468, 524, 1460, 556, 1428, 560, 1428, 556, 1432, 556, 1432, 556, 432, 560, 432, 600, 396, 556, 440, 552, 444, 552, 444, 548, 460, 532, 460, 460, 536, 528, 500, 492, 464, 528, 464, 560, 436, 556, 436, 556, 436, 556, 488, 508, 432, 560, 468, 528, 432, 560, 468, 524, 436, 556, 440, 552, 444, 548, 448, 548, 464, 528, 464, 456, 536, 528, 496, 496, 500, 516, 444, 556, 436, 556, 436, 556, 1428, 560, 1460, 524, 1428, 560, 1428, 484, 3000, 3032, 8920, 524, 1460, 524, 500, 496, 460, 528, 468, 524, 464, 532, 500, 520, 436, 560, 436, 556, 432, 560, 1428, 560, 432, 560, 436, 556, 1484, 504, 436, 556, 1460, 524, 1432, 556, 496, 496, 1452, 528, 1460, 528, 1460, 556, 1428, 556, 1432, 556, 1428, 560, 1460, 524, 1428, 556, 440, 556, 436, 556, 444, 548, 1452, 536, 1488, 492, 1456, 532, 460, 560, 436, 560, 468, 524, 496, 496, 492, 500, 472, 524, 432, 560, 432, 560, 1432, 556, 1428, 556, 440, 552, 1436, 552, 464, 528, 1452, 528, 464, 532, 464, 556, 492, 500, 440, 556, 436, 556, 436, 556, 436, 560, 1424, 560, 1428, 560, 1428, 556, 1432, 552};


23:- no swing, cool, fan(1)
unsigned int data[233] = {644, 17848, 3020, 8904, 544, 468, 528, 1460, 524, 504, 420, 532, 464, 532, 548, 448, 548, 440, 556, 436, 556, 440, 556, 1428, 556, 436, 556, 440, 552, 1436, 552, 444, 548, 444, 552, 1456, 528, 1456, 460, 1564, 424, 1524, 552, 1436, 552, 440, 552, 440, 556, 436, 548, 444, 556, 440, 556, 436, 548, 448, 552, 444, 548, 444, 548, 448, 548, 472, 516, 504, 496, 464, 460, 532, 460, 532, 460, 532, 524, 468, 556, 440, 556, 440, 548, 440, 556, 436, 556, 440, 544, 448, 556, 436, 552, 444, 552, 444, 548, 444, 548, 448, 544, 448, 544, 468, 528, 468, 456, 536, 524, 1460, 464, 1520, 556, 1432, 552, 1468, 516, 2940, 3020, 8896, 552, 1432, 556, 440, 548, 448, 544, 448, 540, 452, 548, 468, 524, 468, 460, 532, 460, 536, 460, 1528, 516, 472, 552, 476, 516, 1436, 556, 1432, 548, 444, 552, 1436, 552, 436, 556, 1436, 548, 1440, 548, 1460, 524, 1460, 520, 1464, 524, 1464, 552, 1432, 556, 1432, 556, 436, 556, 436, 556, 440, 556, 1428, 556, 1436, 548, 1436, 552, 444, 548, 464, 528, 468, 520, 472, 520, 472, 460, 1560, 520, 1428, 560, 1428, 556, 436, 560, 1428, 556, 436, 556, 1432, 556, 440, 552, 1436, 548, 464, 528, 500, 424, 532, 528, 468, 524, 468, 460, 532, 548, 448, 552, 1432, 556, 1428, 556, 1432, 556, 1464, 524};

 
22:- no swing, cool, fan(1)
unsigned int data[233] = {644, 17796, 3052, 8892, 524, 500, 496, 1456, 556, 440, 552, 436, 560, 484, 508, 432, 560, 436, 560, 436, 556, 436, 556, 1428, 560, 436, 556, 440, 552, 1468, 520, 460, 532, 496, 492, 1456, 532, 1456, 556, 1484, 504, 1428, 556, 1428, 560, 432, 560, 432, 560, 436, 560, 436, 556, 468, 524, 436, 556, 444, 548, 500, 496, 512, 480, 460, 532, 464, 588, 452, 504, 440, 556, 436, 560, 436, 556, 488, 504, 436, 560, 428, 560, 440, 556, 432, 560, 436, 560, 440, 552, 468, 524, 440, 552, 444, 548, 460, 536, 496, 420, 536, 528, 520, 476, 464, 552, 440, 556, 492, 504, 1428, 556, 1480, 508, 1424, 560, 1428, 556, 2932, 3028, 8892, 552, 1432, 556, 440, 552, 460, 532, 496, 488, 504, 496, 520, 500, 472, 520, 436, 560, 436, 556, 1488, 500, 468, 524, 436, 556, 436, 560, 432, 560, 1424, 560, 1432, 556, 440, 552, 1456, 528, 1452, 532, 1456, 532, 1456, 556, 1428, 560, 1428, 556, 1428, 560, 1424, 560, 436, 556, 440, 552, 468, 528, 1436, 548, 1468, 520, 1452, 532, 496, 496, 460, 560, 436, 556, 436, 560, 468, 524, 432, 560, 1428, 560, 1424, 560, 472, 520, 1432, 556, 436, 556, 1432, 552, 444, 552, 1504, 480, 460, 532, 464, 528, 512, 508, 492, 504, 492, 500, 484, 512, 432, 556, 1428, 560, 1428, 556, 1484, 504, 1432, 552};


21:- no swing, cool, fan(1)
unsigned int data[233] = {680, 17792, 3028, 8888, 556, 436, 556, 1436, 552, 440, 552, 516, 476, 512, 480, 512, 480, 464, 556, 472, 524, 436, 556, 1424, 564, 484, 508, 432, 560, 1484, 504, 432, 560, 468, 524, 1460, 524, 1436, 552, 1456, 528, 1508, 476, 1456, 596, 400, 556, 488, 504, 440, 556, 428, 564, 484, 508, 496, 496, 488, 508, 484, 508, 492, 500, 436, 556, 440, 556, 436, 556, 440, 552, 440, 552, 520, 476, 512, 472, 468, 532, 516, 540, 452, 504, 488, 504, 492, 500, 496, 500, 480, 512, 488, 508, 480, 512, 484, 508, 484, 508, 436, 560, 432, 560, 436, 556, 468, 528, 436, 556, 1500, 480, 1508, 540, 1444, 508, 1484, 504, 2940, 3016, 8936, 512, 1472, 512, 432, 560, 496, 500, 432, 560, 492, 500, 436, 556, 496, 496, 444, 548, 484, 512, 1452, 528, 524, 476, 508, 512, 492, 500, 484, 508, 1476, 512, 1472, 512, 480, 512, 1476, 508, 1428, 560, 1428, 560, 1484, 500, 1472, 512, 1504, 480, 1504, 548, 1388, 560, 484, 508, 496, 500, 484, 508, 1480, 504, 1476, 512, 1476, 512, 436, 556, 436, 556, 440, 552, 440, 552, 480, 512, 1456, 528, 500, 492, 1460, 556, 432, 560, 1432, 556, 432, 560, 1428, 556, 436, 556, 1464, 520, 440, 552, 444, 548, 444, 548, 448, 480, 512, 548, 464, 528, 500, 428, 1524, 460, 1524, 528, 1460, 560, 1428, 556};


20:- no swing, cool, fan(1)
unsigned int data[233] = {532, 17864, 3048, 8936, 508, 492, 504, 1488, 496, 484, 508, 432, 564, 432, 560, 492, 500, 468, 524, 468, 528, 436, 556, 1512, 472, 516, 512, 428, 592, 1452, 500, 484, 508, 488, 504, 1476, 512, 1424, 560, 1480, 508, 1460, 524, 1432, 552, 440, 556, 436, 556, 476, 516, 512, 480, 516, 516, 476, 540, 456, 540, 400, 556, 484, 512, 488, 504, 484, 508, 432, 560, 488, 508, 484, 504, 436, 560, 436, 556, 436, 556, 436, 556, 440, 556, 436, 556, 472, 520, 508, 480, 464, 568, 476, 544, 400, 560, 492, 500, 488, 504, 492, 504, 432, 560, 432, 560, 484, 508, 492, 500, 1428, 560, 1428, 556, 1432, 552, 1464, 552, 2960, 2996, 8940, 476, 1456, 556, 436, 556, 440, 556, 488, 504, 436, 560, 436, 556, 492, 500, 436, 560, 432, 556, 1428, 560, 440, 552, 440, 552, 1436, 552, 468, 524, 1456, 456, 1528, 528, 468, 548, 1436, 556, 1424, 564, 1464, 520, 1428, 556, 1432, 556, 1428, 556, 1436, 548, 1440, 548, 464, 528, 500, 424, 532, 524, 1464, 460, 1560, 520, 1428, 556, 440, 552, 444, 548, 440, 552, 476, 520, 440, 484, 544, 512, 452, 544, 1440, 544, 452, 480, 1524, 460, 532, 460, 1528, 524, 468, 460, 1524, 556, 436, 492, 504, 552, 476, 516, 444, 552, 440, 552, 440, 556, 472, 520, 1432, 552, 1436, 552, 1436, 548, 1460, 552};


19:- no swing, cool, fan(1)
unsigned int data[233] = {684, 17868, 2976, 8936, 508, 484, 508, 1432, 556, 436, 556, 440, 552, 444, 548, 444, 548, 464, 532, 508, 484, 464, 552, 1488, 500, 436, 560, 488, 504, 1428, 560, 432, 560, 484, 508, 1480, 508, 1476, 508, 1428, 556, 1432, 556, 1452, 532, 516, 516, 424, 556, 488, 508, 488, 504, 484, 508, 488, 508, 480, 512, 480, 508, 488, 508, 436, 556, 496, 500, 484, 508, 484, 508, 432, 560, 440, 552, 440, 552, 444, 548, 512, 484, 548, 444, 548, 472, 492, 500, 524, 472, 488, 504, 492, 496, 524, 472, 488, 504, 496, 496, 496, 500, 520, 472, 492, 500, 440, 552, 496, 500, 1476, 508, 1472, 512, 1512, 476, 1508, 500, 2960, 3000, 8892, 528, 1544, 464, 528, 468, 492, 500, 524, 468, 528, 468, 524, 468, 484, 508, 440, 552, 484, 508, 1476, 512, 484, 508, 516, 480, 552, 440, 552, 444, 1500, 508, 1480, 508, 488, 504, 1484, 500, 1492, 496, 1428, 556, 1480, 508, 1472, 512, 1472, 516, 1508, 476, 1512, 476, 516, 480, 548, 464, 528, 468, 1484, 500, 1520, 468, 1516, 468, 488, 504, 440, 552, 504, 492, 440, 528, 464, 552, 1480, 484, 1568, 440, 552, 440, 468, 528, 1504, 508, 524, 468, 1480, 504, 528, 464, 1520, 444, 548, 468, 488, 504, 440, 556, 488, 504, 444, 548, 488, 504, 488, 508, 1544, 416, 1572, 440, 1544, 444, 1540, 468};


18:- no swing, cool, fan(1)
unsigned int data[233] = {680, 17860, 3044, 8904, 520, 420, 532, 1504, 508, 492, 500, 488, 508, 432, 560, 468, 524, 492, 500, 436, 560, 492, 500, 1488, 496, 440, 556, 436, 556, 1432, 552, 440, 556, 460, 532, 1500, 484, 1456, 592, 1452, 500, 1476, 508, 1476, 512, 432, 560, 432, 560, 484, 512, 484, 508, 436, 556, 436, 556, 436, 556, 440, 552, 444, 552, 460, 532, 512, 480, 460, 596, 456, 536, 452, 504, 484, 512, 432, 560, 488, 504, 488, 508, 480, 512, 484, 508, 484, 512, 432, 556, 436, 560, 436, 556, 468, 524, 444, 552, 480, 512, 460, 524, 520, 516, 476, 540, 400, 596, 452, 504, 1428, 560, 1476, 512, 1424, 560, 1476, 508, 2928, 3032, 8888, 556, 1428, 560, 440, 552, 440, 552, 512, 480, 512, 484, 508, 516, 428, 592, 400, 596, 396, 560, 1476, 512, 432, 560, 492, 504, 1472, 512, 480, 512, 1480, 504, 1428, 560, 436, 556, 1432, 552, 1452, 572, 1476, 532, 1396, 556, 1476, 512, 1424, 560, 1480, 508, 1480, 504, 432, 564, 432, 560, 436, 556, 1432, 556, 1484, 500, 1504, 468, 524, 520, 424, 592, 460, 500, 488, 504, 484, 508, 432, 564, 1424, 560, 432, 560, 432, 564, 1472, 512, 432, 560, 1432, 552, 440, 552, 1504, 484, 460, 520, 520, 524, 424, 592, 456, 540, 444, 512, 432, 560, 432, 564, 1476, 508, 1428, 556, 1428, 560, 1424, 564};

 
17:- no swing, cool, fan(1)
unsigned int data[233] = {620, 17872, 3028, 8892, 556, 440, 552, 1456, 568, 420, 568, 480, 540, 456, 540, 396, 560, 436, 556, 432, 564, 480, 512, 1476, 508, 484, 512, 492, 496, 1428, 560, 436, 556, 496, 500, 1432, 552, 1504, 484, 1500, 544, 1392, 596, 1444, 508, 484, 508, 484, 508, 488, 504, 432, 564, 476, 516, 488, 504, 432, 560, 436, 556, 440, 556, 436, 556, 440, 552, 512, 480, 508, 488, 460, 564, 476, 564, 392, 584, 448, 548, 392, 560, 432, 564, 480, 512, 492, 500, 484, 508, 436, 560, 464, 528, 432, 560, 436, 556, 436, 556, 440, 556, 440, 552, 436, 556, 512, 472, 524, 512, 1420, 596, 1440, 548, 1388, 560, 1480, 504, 2984, 2972, 8944, 504, 1428, 556, 496, 500, 436, 556, 436, 556, 440, 552, 444, 552, 520, 472, 516, 504, 432, 568, 1476, 536, 396, 600, 396, 560, 1480, 504, 492, 504, 1472, 512, 1428, 560, 492, 500, 1428, 556, 1432, 556, 1432, 552, 1500, 524, 1468, 564, 1424, 544, 1436, 512, 1424, 560, 492, 500, 484, 512, 484, 508, 1424, 560, 1428, 560, 1460, 524, 496, 496, 460, 536, 460, 528, 512, 520, 424, 616, 1372, 596, 452, 504, 488, 504, 432, 560, 1428, 560, 480, 512, 1424, 564, 428, 560, 1428, 560, 468, 524, 440, 552, 444, 552, 520, 472, 508, 484, 520, 532, 448, 548, 1444, 508, 1484, 500, 1472, 516, 1472, 512};


16:- no swing, cool, fan(1)
unsigned int data[233] = {536, 17936, 2976, 8856, 556, 476, 516, 1452, 572, 424, 592, 396, 600, 392, 564, 488, 504, 432, 560, 484, 508, 436, 560, 1484, 500, 484, 508, 488, 504, 1428, 560, 436, 556, 496, 496, 1488, 500, 1456, 520, 1512, 544, 1452, 540, 1448, 500, 484, 508, 416, 576, 436, 556, 488, 504, 436, 560, 484, 504, 496, 500, 436, 556, 436, 556, 440, 556, 440, 556, 512, 476, 460, 564, 428, 532, 460, 596, 456, 536, 400, 560, 436, 556, 492, 500, 484, 512, 432, 560, 432, 560, 480, 516, 432, 556, 440, 556, 240, 752, 468, 524, 440, 552, 444, 552, 496, 496, 512, 476, 464, 532, 1516, 532, 1392, 560, 1428, 556, 1480, 508, 2980, 2976, 8888, 560, 1472, 512, 496, 500, 436, 556, 436, 556, 468, 524, 440, 556, 520, 472, 460, 532, 460, 532, 1452, 596, 400, 556, 496, 500, 432, 560, 1488, 496, 1464, 524, 1484, 504, 428, 564, 1428, 556, 1432, 552, 1516, 472, 1452, 532, 1456, 556, 1428, 560, 1428, 560, 1460, 524, 488, 504, 496, 496, 472, 520, 1464, 524, 1432, 552, 1436, 552, 444, 548, 460, 532, 464, 528, 460, 528, 468, 528, 464, 556, 440, 556, 436, 556, 436, 560, 1424, 560, 436, 556, 1428, 556, 436, 560, 1428, 556, 440, 552, 444, 548, 448, 544, 468, 524, 500, 492, 468, 460, 568, 488, 1496, 516, 1436, 548, 1436, 556, 1464, 520}; 





Binary values (no swing, cool, fan(1)):

30:01110001000000000000000100000100000101010101000000000000000000000000000000000000000000000000000000000000000001010101011101000000000000000001000001010001000101010101010101000000010101000000000000010101010001000100000000000000010101010
29:01110001000000000000000100000100000101010101000000000000000000000000000000000000000000000000000000000000000001010101011101000000000000000001000001010001000101010101010101000000010101000000000001000101010001000100000000000000010101010
28:01110001000000000000000100000100000101010101000000000000000000000000000000000000000000000000000000000000000001010101011101000000000000000001000000000101000101010101010101000000010101000000000000000101010001000100000000000000010101010
27:


