30:- no swing, cool, fan(2)
unsigned int data[233] = {684, 17772, 3028, 8948, 500, 436, 556, 1432, 556, 440, 552, 516, 476, 464, 528, 512, 520, 468, 548, 400, 596, 396, 560, 1476, 512, 492, 500, 480, 512, 1480, 508, 432, 560, 484, 508, 1432, 556, 1432, 552, 1488, 500, 1508, 476, 1504, 540, 404, 592, 400, 560, 484, 508, 484, 508, 484, 508, 496, 500, 480, 512, 484, 508, 492, 500, 436, 560, 432, 560, 436, 556, 436, 556, 472, 524, 440, 552, 516, 472, 464, 532, 512, 540, 404, 592, 452, 508, 484, 508, 436, 556, 436, 556, 488, 508, 484, 508, 488, 504, 484, 508, 468, 528, 436, 556, 436, 556, 440, 552, 472, 524, 1452, 532, 1512, 512, 1476, 536, 1440, 508, 2912, 3048, 8884, 560, 1476, 512, 492, 500, 484, 508, 488, 504, 436, 560, 436, 556, 436, 556, 440, 552, 496, 500, 1484, 496, 464, 532, 520, 532, 1428, 564, 1440, 508, 432, 564, 1472, 512, 432, 560, 1484, 504, 1428, 556, 1432, 552, 1436, 552, 1452, 532, 1456, 532, 1500, 512, 1428, 560, 488, 504, 488, 504, 488, 504, 1488, 500, 1476, 508, 1428, 560, 436, 556, 436, 556, 440, 552, 444, 552, 496, 496, 460, 524, 1460, 556, 1432, 556, 1480, 508, 1460, 528, 432, 560, 468, 524, 1428, 556, 1432, 556, 468, 524, 440, 552, 440, 556, 444, 548, 460, 532, 464, 528, 516, 476, 1516, 500, 1428, 556, 1428, 560, 1464, 524};


29:- no swing, cool, fan(2)
unsigned int data[233] = {632, 17792, 3052, 8888, 560, 468, 524, 1428, 556, 496, 500, 488, 504, 468, 524, 436, 556, 492, 504, 436, 556, 468, 524, 1436, 552, 472, 520, 460, 532, 1452, 532, 464, 556, 484, 512, 1484, 500, 1428, 560, 1428, 560, 1424, 560, 1424, 560, 496, 500, 464, 528, 436, 556, 444, 548, 520, 472, 464, 520, 476, 524, 524, 472, 512, 544, 400, 556, 488, 508, 432, 560, 484, 508, 484, 512, 436, 556, 492, 500, 408, 584, 484, 508, 468, 528, 436, 556, 436, 556, 468, 524, 496, 500, 520, 464, 524, 476, 520, 532, 400, 596, 448, 512, 492, 500, 484, 508, 492, 500, 488, 508, 1428, 556, 1480, 508, 1428, 556, 1432, 612, 2920, 3016, 8888, 564, 1464, 516, 476, 544, 396, 596, 452, 544, 456, 500, 492, 500, 432, 560, 484, 512, 492, 500, 1424, 564, 496, 492, 440, 556, 1424, 560, 1432, 556, 492, 500, 1512, 472, 520, 512, 1416, 596, 1444, 508, 1424, 560, 1432, 556, 1476, 508, 1476, 508, 1428, 560, 1428, 556, 440, 552, 444, 552, 512, 480, 1508, 516, 1464, 548, 1388, 560, 484, 508, 496, 500, 484, 508, 492, 500, 496, 496, 1488, 500, 432, 560, 1480, 508, 1428, 556, 1468, 516, 520, 472, 464, 572, 1464, 544, 1444, 508, 488, 504, 472, 520, 480, 512, 484, 512, 484, 508, 488, 504, 432, 560, 1464, 524, 1432, 552, 1436, 552, 1452, 560};


28:- no swing, cool, fan(2)
unsigned int data[233] = {684, 17868, 2976, 8888, 556, 440, 552, 1436, 552, 516, 476, 460, 528, 520, 476, 524, 496, 488, 508, 484, 508, 496, 496, 1428, 560, 468, 524, 484, 508, 1432, 556, 484, 508, 436, 560, 1428, 556, 1460, 524, 1456, 532, 1452, 532, 1452, 560, 436, 560, 488, 504, 432, 564, 428, 560, 496, 500, 432, 560, 432, 560, 484, 512, 436, 556, 436, 556, 468, 524, 440, 556, 440, 552, 512, 480, 460, 528, 468, 528, 524, 532, 400, 560, 492, 500, 488, 504, 496, 500, 488, 504, 492, 500, 432, 560, 488, 508, 432, 560, 432, 560, 468, 524, 436, 556, 440, 556, 440, 552, 508, 484, 1504, 516, 1468, 548, 1452, 500, 1476, 508, 2980, 2980, 8940, 504, 1476, 512, 480, 512, 484, 508, 492, 500, 492, 504, 436, 556, 440, 552, 492, 500, 520, 476, 1452, 592, 452, 544, 400, 596, 396, 556, 484, 512, 1472, 512, 1476, 508, 496, 500, 1424, 560, 1428, 560, 1428, 556, 1436, 548, 1504, 484, 1540, 468, 1484, 508, 1476, 508, 484, 508, 488, 504, 436, 560, 1480, 504, 1428, 560, 1428, 556, 440, 552, 440, 556, 492, 500, 476, 516, 516, 516, 472, 520, 428, 556, 1476, 508, 1476, 512, 1472, 512, 492, 500, 488, 504, 1428, 560, 1476, 512, 492, 500, 484, 508, 440, 552, 444, 552, 512, 480, 460, 568, 476, 520, 1468, 548, 1432, 512, 1476, 512, 1476, 512};


27:- no swing, cool, fan(2)
unsigned int data[233] = {532, 17876, 3044, 8888, 556, 488, 508, 1480, 504, 484, 512, 492, 500, 484, 508, 496, 496, 436, 560, 436, 556, 440, 552, 1512, 396, 540, 532, 516, 500, 1480, 508, 480, 512, 488, 508, 1476, 508, 1476, 508, 1480, 504, 1432, 556, 1432, 552, 444, 548, 448, 548, 548, 444, 524, 472, 516, 476, 516, 504, 496, 496, 488, 504, 524, 468, 524, 468, 500, 496, 496, 496, 496, 496, 492, 504, 520, 472, 436, 556, 488, 504, 440, 556, 444, 548, 440, 548, 468, 528, 516, 472, 556, 448, 520, 496, 492, 500, 524, 468, 492, 500, 500, 492, 492, 504, 488, 504, 524, 468, 488, 508, 1428, 556, 1488, 496, 1476, 512, 1476, 536, 2956, 3004, 8976, 444, 1540, 472, 484, 508, 524, 468, 524, 472, 484, 508, 524, 468, 492, 500, 524, 468, 484, 512, 1476, 508, 492, 500, 500, 496, 1436, 548, 1544, 444, 460, 532, 1508, 484, 520, 492, 1520, 464, 1520, 468, 1516, 472, 1480, 504, 1480, 508, 1488, 496, 1492, 496, 1476, 508, 464, 528, 520, 476, 552, 444, 1452, 556, 1480, 508, 1476, 508, 496, 496, 524, 472, 484, 508, 524, 468, 436, 560, 1432, 552, 1436, 548, 444, 552, 1540, 444, 1544, 444, 516, 504, 492, 500, 1484, 500, 1480, 508, 488, 504, 484, 508, 488, 508, 488, 504, 488, 504, 436, 560, 436, 556, 1432, 552, 1472, 516, 1540, 444, 1512, 504}; 


26:- no swing, cool, fan(2)
unsigned int data[233] = {508, 17864, 3052, 8888, 556, 524, 468, 1480, 508, 520, 472, 524, 468, 496, 500, 480, 508, 492, 504, 472, 524, 436, 552, 1480, 508, 524, 468, 520, 476, 1504, 484, 548, 468, 524, 468, 1480, 508, 1480, 504, 1428, 556, 1484, 504, 1480, 504, 440, 556, 496, 496, 440, 556, 440, 548, 520, 476, 512, 516, 480, 480, 548, 444, 516, 504, 520, 476, 480, 508, 496, 496, 524, 468, 524, 468, 500, 496, 488, 504, 484, 508, 492, 504, 440, 552, 496, 496, 496, 496, 500, 496, 440, 552, 516, 508, 520, 444, 464, 528, 464, 556, 436, 556, 524, 468, 492, 500, 524, 472, 524, 468, 1480, 504, 1516, 468, 1432, 556, 1432, 556, 2980, 2980, 8928, 512, 1548, 432, 528, 476, 548, 472, 520, 472, 524, 468, 524, 468, 524, 472, 488, 504, 488, 504, 1484, 500, 496, 496, 528, 468, 484, 508, 440, 552, 1436, 552, 1456, 532, 548, 444, 1540, 448, 1512, 496, 1516, 472, 1488, 500, 1424, 560, 1484, 500, 1492, 496, 1428, 556, 444, 552, 480, 508, 444, 552, 1512, 468, 1548, 448, 1500, 508, 484, 508, 496, 500, 520, 472, 524, 472, 492, 500, 432, 560, 1484, 500, 484, 512, 1428, 556, 1436, 548, 444, 552, 520, 468, 1544, 444, 1544, 472, 520, 472, 480, 516, 432, 556, 488, 508, 488, 504, 488, 508, 520, 468, 1480, 512, 1424, 560, 1432, 552, 1432, 580};


25:- no swing, cool, fan(2)
unsigned int data[233] = {680, 17808, 3056, 8940, 540, 452, 544, 1440, 508, 488, 508, 480, 512, 432, 560, 484, 512, 480, 512, 432, 560, 432, 560, 1428, 560, 436, 556, 468, 524, 1452, 536, 460, 524, 468, 532, 1452, 596, 1452, 500, 1428, 556, 1476, 512, 1484, 500, 484, 512, 492, 500, 432, 560, 436, 556, 496, 500, 432, 560, 468, 524, 496, 496, 520, 464, 528, 512, 424, 592, 396, 600, 396, 560, 492, 504, 432, 560, 492, 500, 488, 504, 432, 564, 492, 500, 488, 504, 436, 556, 436, 556, 436, 560, 436, 556, 440, 556, 516, 476, 512, 512, 476, 520, 424, 592, 452, 548, 392, 600, 456, 500, 1480, 504, 1488, 500, 1472, 512, 1480, 508, 2928, 3028, 8948, 496, 1480, 508, 440, 552, 548, 444, 512, 480, 552, 444, 548, 472, 496, 496, 520, 472, 488, 504, 1516, 468, 496, 496, 528, 468, 492, 500, 524, 468, 1480, 504, 1480, 508, 444, 548, 1516, 448, 1480, 532, 1540, 448, 1540, 444, 1540, 444, 1544, 468, 1480, 504, 1520, 444, 548, 444, 512, 480, 552, 464, 1484, 504, 1544, 444, 1544, 444, 548, 444, 548, 468, 524, 468, 496, 496, 528, 468, 1488, 496, 492, 504, 436, 556, 1428, 560, 1432, 552, 484, 508, 528, 472, 1468, 512, 1520, 504, 480, 480, 548, 468, 496, 496, 492, 500, 492, 504, 492, 500, 488, 504, 1484, 500, 1484, 504, 1476, 512, 1432, 556};


24:- no swing, cool, fan(2)
unsigned int data[233] = {684, 17872, 2976, 8936, 512, 432, 560, 1424, 564, 432, 560, 432, 560, 440, 552, 440, 552, 516, 480, 520, 512, 472, 516, 1468, 544, 460, 496, 496, 500, 1480, 504, 496, 500, 492, 500, 1472, 512, 1488, 500, 1428, 556, 1432, 556, 1500, 484, 512, 520, 476, 552, 440, 540, 448, 548, 440, 556, 452, 500, 488, 508, 484, 508, 492, 500, 484, 508, 432, 560, 436, 560, 480, 512, 436, 556, 408, 584, 440, 556, 440, 552, 516, 476, 460, 532, 464, 564, 424, 596, 396, 600, 456, 500, 432, 564, 480, 512, 432, 560, 484, 508, 492, 500, 488, 508, 480, 512, 432, 560, 492, 500, 1432, 556, 1460, 524, 1504, 520, 1416, 560, 2904, 3056, 8944, 500, 1424, 564, 488, 504, 432, 560, 484, 508, 432, 560, 484, 512, 432, 560, 436, 556, 436, 556, 1432, 596, 396, 556, 508, 488, 1500, 520, 484, 532, 1444, 548, 1444, 504, 484, 508, 1428, 560, 1424, 560, 1488, 500, 1428, 556, 1432, 556, 1484, 500, 1508, 476, 1504, 520, 424, 596, 396, 596, 396, 560, 1480, 508, 1424, 560, 1484, 504, 388, 604, 492, 500, 496, 496, 440, 556, 436, 556, 440, 552, 444, 548, 520, 476, 1512, 508, 1472, 540, 448, 508, 496, 500, 1424, 560, 1488, 500, 432, 560, 468, 524, 468, 528, 464, 528, 436, 556, 436, 556, 440, 552, 1436, 552, 1508, 476, 1508, 504, 1428, 560};


23:- no swing, cool, fan(2)
unsigned int data[233] = {680, 17832, 3016, 8936, 508, 440, 556, 1424, 560, 432, 560, 436, 560, 432, 560, 436, 556, 440, 552, 468, 524, 444, 552, 1452, 524, 472, 528, 496, 524, 1428, 560, 432, 560, 496, 496, 1484, 504, 1428, 560, 1476, 508, 1428, 560, 1460, 524, 440, 552, 440, 552, 524, 468, 516, 476, 516, 516, 416, 564, 436, 560, 488, 508, 432, 560, 484, 508, 436, 560, 432, 560, 432, 560, 432, 560, 432, 560, 436, 556, 440, 556, 468, 524, 440, 552, 440, 556, 516, 476, 512, 476, 520, 476, 460, 592, 404, 560, 432, 620, 368, 564, 484, 508, 484, 508, 484, 512, 480, 512, 484, 512, 1472, 512, 1428, 556, 1436, 552, 1464, 584, 2924, 3032, 8904, 516, 1420, 596, 316, 676, 452, 504, 436, 556, 488, 508, 480, 512, 484, 508, 488, 504, 484, 512, 1460, 524, 436, 556, 440, 556, 1428, 556, 1452, 536, 512, 520, 1460, 548, 396, 600, 1436, 512, 1476, 508, 1480, 504, 1428, 560, 1424, 564, 1428, 556, 1428, 556, 1488, 500, 512, 480, 508, 524, 476, 540, 1452, 500, 1484, 504, 1472, 512, 488, 504, 484, 508, 484, 512, 484, 508, 492, 500, 1428, 556, 1432, 556, 1488, 496, 520, 472, 1456, 572, 420, 596, 444, 516, 1480, 504, 1488, 496, 496, 500, 432, 560, 488, 504, 488, 508, 428, 564, 436, 556, 436, 556, 1432, 556, 1512, 472, 1504, 480, 1516, 500};


22:- no swing, cool, fan(2)
unsigned int data[233] = {576, 17932, 2968, 8944, 500, 484, 512, 1424, 560, 468, 524, 440, 556, 436, 556, 456, 536, 512, 472, 472, 568, 484, 532, 1428, 560, 396, 560, 496, 496, 1480, 508, 488, 504, 492, 504, 1424, 560, 1428, 556, 1432, 556, 1428, 556, 1508, 480, 460, 568, 480, 536, 400, 596, 452, 508, 484, 508, 492, 500, 476, 516, 484, 512, 484, 508, 432, 560, 488, 504, 484, 512, 432, 560, 436, 556, 436, 556, 440, 556, 504, 488, 508, 476, 520, 516, 476, 544, 452, 504, 488, 548, 392, 560, 488, 504, 492, 504, 492, 500, 468, 524, 432, 560, 432, 560, 488, 504, 440, 556, 436, 556, 1432, 552, 1508, 480, 1512, 472, 1504, 512, 2960, 3000, 8944, 500, 1424, 560, 496, 496, 436, 556, 488, 508, 488, 504, 432, 564, 480, 512, 492, 500, 436, 556, 1432, 556, 440, 552, 520, 472, 460, 532, 520, 532, 1452, 504, 1424, 564, 516, 472, 1476, 512, 1480, 508, 1480, 504, 1428, 556, 1436, 552, 1472, 512, 1508, 472, 1512, 480, 520, 500, 496, 500, 488, 500, 1492, 496, 1476, 512, 1512, 472, 496, 496, 496, 500, 432, 556, 472, 528, 436, 552, 440, 556, 1500, 484, 1452, 532, 464, 556, 1428, 560, 432, 560, 496, 496, 1476, 512, 1484, 500, 432, 560, 484, 512, 488, 504, 440, 552, 484, 512, 436, 560, 492, 496, 1452, 536, 1508, 476, 1516, 500, 1424, 560};


21:- no swing, cool, fan(2)
unsigned int data[233] = {536, 17928, 3000, 8940, 540, 396, 560, 1476, 508, 496, 500, 436, 556, 492, 500, 492, 504, 480, 512, 432, 560, 432, 560, 1460, 528, 440, 552, 444, 552, 1512, 508, 424, 588, 404, 596, 1392, 596, 1436, 512, 1424, 560, 1480, 508, 1484, 504, 484, 508, 412, 580, 436, 556, 468, 524, 440, 556, 436, 556, 460, 532, 496, 496, 512, 516, 408, 616, 448, 508, 488, 504, 432, 560, 484, 512, 484, 508, 484, 512, 484, 504, 436, 560, 480, 512, 432, 560, 436, 556, 440, 556, 440, 552, 440, 552, 512, 480, 512, 480, 516, 512, 424, 600, 396, 560, 468, 524, 480, 512, 492, 504, 1424, 560, 1476, 512, 1472, 512, 1428, 552, 2932, 3032, 8948, 496, 1504, 484, 508, 476, 504, 496, 512, 540, 404, 596, 444, 512, 436, 556, 488, 504, 436, 560, 1476, 508, 484, 508, 492, 504, 432, 560, 436, 556, 1432, 556, 1428, 556, 472, 520, 1512, 476, 1452, 556, 1432, 556, 1428, 560, 1428, 556, 1428, 560, 1424, 560, 1484, 504, 436, 556, 440, 552, 440, 556, 1464, 520, 1452, 532, 1456, 556, 436, 560, 432, 560, 420, 572, 436, 560, 488, 504, 1488, 500, 484, 508, 1424, 560, 468, 524, 1432, 556, 440, 552, 440, 556, 1512, 464, 1460, 532, 524, 528, 464, 496, 488, 508, 480, 512, 432, 560, 436, 560, 484, 508, 1476, 508, 1432, 556, 1460, 524, 1432, 616};


20:- no swing, cool, fan(2)
unsigned int data[233] = {612, 17824, 3032, 8884, 560, 488, 504, 1424, 560, 440, 556, 468, 524, 440, 552, 464, 528, 512, 480, 516, 516, 476, 540, 1448, 504, 484, 512, 480, 512, 1484, 500, 496, 500, 484, 508, 1428, 556, 1428, 560, 1432, 552, 1436, 552, 1504, 480, 520, 472, 512, 540, 404, 592, 400, 560, 488, 504, 496, 496, 484, 512, 432, 560, 432, 560, 496, 496, 436, 560, 436, 556, 436, 556, 468, 524, 468, 528, 440, 552, 460, 532, 520, 468, 512, 484, 516, 504, 436, 560, 488, 504, 468, 524, 488, 508, 488, 504, 432, 560, 432, 564, 484, 508, 432, 560, 432, 560, 468, 524, 436, 560, 1432, 552, 1456, 532, 1448, 536, 1512, 500, 2908, 3052, 8888, 556, 1424, 564, 488, 504, 480, 512, 492, 500, 488, 508, 484, 508, 436, 556, 436, 556, 440, 556, 1432, 552, 496, 496, 464, 532, 1504, 556, 440, 540, 1444, 508, 1424, 560, 432, 560, 1476, 512, 1428, 556, 1424, 564, 1432, 552, 1460, 528, 1432, 552, 1508, 476, 1456, 592, 448, 512, 488, 504, 436, 560, 1424, 560, 1428, 560, 1472, 512, 432, 560, 436, 560, 432, 560, 440, 552, 440, 552, 444, 548, 460, 536, 1452, 532, 496, 496, 1512, 500, 440, 556, 432, 560, 1428, 556, 1428, 560, 488, 504, 436, 560, 432, 560, 436, 556, 440, 552, 440, 556, 440, 552, 1452, 532, 1452, 532, 1508, 544, 1388, 560};


19:- no swing, cool, fan(2)
unsigned int data[233] = {616, 17932, 2980, 8888, 560, 436, 596, 1388, 560, 440, 552, 508, 484, 464, 568, 472, 544, 444, 548, 396, 600, 444, 548, 1448, 500, 488, 508, 492, 500, 1472, 512, 484, 512, 484, 508, 1424, 560, 1460, 528, 1448, 536, 1504, 520, 1464, 544, 452, 544, 448, 548, 396, 560, 488, 504, 432, 560, 488, 504, 496, 500, 432, 560, 480, 512, 432, 564, 436, 556, 436, 556, 436, 556, 440, 552, 508, 488, 516, 464, 468, 572, 472, 548, 396, 600, 444, 548, 396, 556, 492, 504, 432, 560, 480, 516, 432, 560, 492, 500, 480, 512, 488, 504, 436, 560, 436, 556, 436, 556, 440, 552, 1504, 472, 1464, 592, 1448, 540, 1444, 548, 2868, 3048, 8944, 504, 1480, 504, 484, 512, 492, 500, 484, 508, 432, 564, 432, 556, 468, 528, 468, 524, 440, 552, 1504, 476, 516, 520, 476, 540, 400, 596, 456, 540, 1388, 560, 1480, 504, 484, 508, 1488, 500, 1424, 560, 1432, 556, 1432, 592, 1468, 480, 1500, 524, 1468, 540, 1444, 544, 456, 500, 488, 508, 484, 508, 1424, 560, 1428, 560, 1424, 560, 436, 556, 440, 552, 440, 556, 468, 524, 520, 472, 1456, 604, 1380, 592, 400, 596, 460, 496, 1428, 560, 492, 500, 484, 508, 1480, 508, 1488, 496, 492, 500, 440, 556, 432, 560, 440, 552, 468, 528, 512, 480, 512, 472, 1512, 564, 1424, 544, 1436, 512, 1480, 504}; 


18:- no swing, cool, fan(2)
unsigned int data[233] = {632, 17864, 2976, 8892, 556, 444, 548, 1456, 532, 512, 472, 468, 528, 524, 472, 460, 560, 428, 568, 432, 560, 432, 560, 1428, 556, 472, 524, 484, 508, 1428, 560, 436, 556, 436, 556, 1432, 552, 1436, 552, 1456, 524, 1460, 524, 1464, 552, 436, 560, 440, 552, 436, 556, 436, 560, 468, 524, 436, 556, 436, 556, 436, 556, 440, 556, 436, 556, 440, 552, 444, 548, 444, 548, 468, 456, 568, 492, 464, 524, 472, 528, 500, 516, 444, 552, 440, 556, 436, 560, 432, 556, 472, 524, 472, 520, 436, 552, 444, 552, 472, 524, 440, 552, 440, 552, 444, 548, 464, 524, 468, 532, 1456, 520, 1468, 460, 1524, 552, 1436, 552, 2936, 3020, 8892, 556, 1432, 552, 440, 548, 448, 484, 508, 548, 444, 552, 448, 544, 448, 544, 468, 524, 468, 464, 1524, 460, 536, 456, 536, 484, 1500, 552, 440, 552, 1436, 548, 1436, 556, 440, 548, 1436, 488, 1504, 544, 1444, 540, 1464, 528, 1492, 428, 1528, 456, 1532, 540, 1440, 552, 440, 552, 440, 552, 444, 552, 1436, 548, 1436, 548, 1444, 548, 444, 544, 476, 520, 468, 524, 468, 460, 532, 460, 532, 464, 1524, 548, 444, 552, 440, 556, 1464, 520, 440, 488, 504, 556, 1432, 552, 1432, 552, 476, 520, 444, 544, 452, 544, 468, 528, 464, 460, 568, 428, 532, 460, 1524, 524, 1464, 552, 1432, 556, 1428, 556};


17:- no swing, cool, fan(2)
unsigned int data[233] = {680, 17800, 3056, 8940, 540, 396, 560, 1428, 560, 436, 556, 484, 508, 436, 556, 468, 528, 484, 508, 488, 504, 436, 560, 1460, 524, 468, 524, 444, 548, 1508, 476, 516, 476, 468, 528, 1456, 556, 1432, 556, 1484, 500, 1428, 560, 1476, 508, 436, 560, 440, 588, 400, 556, 436, 556, 440, 552, 444, 552, 460, 532, 496, 492, 464, 532, 516, 500, 440, 556, 436, 560, 468, 524, 468, 524, 476, 520, 432, 560, 432, 560, 488, 508, 468, 524, 436, 556, 436, 556, 468, 524, 440, 552, 472, 524, 456, 536, 524, 464, 528, 468, 464, 556, 436, 560, 432, 560, 432, 560, 436, 556, 1428, 564, 1424, 560, 1472, 512, 1428, 588, 2952, 2976, 8892, 556, 1508, 476, 464, 512, 476, 532, 440, 592, 420, 560, 496, 500, 488, 504, 480, 512, 436, 560, 1476, 508, 436, 556, 436, 560, 1428, 556, 436, 556, 1432, 556, 1432, 552, 464, 528, 1456, 528, 1456, 560, 1484, 504, 1472, 516, 1476, 504, 1488, 500, 1424, 564, 1428, 556, 468, 524, 468, 524, 444, 552, 1508, 476, 1452, 532, 1504, 508, 472, 524, 480, 512, 436, 560, 492, 500, 468, 524, 1424, 564, 468, 524, 432, 560, 432, 560, 1460, 528, 436, 556, 440, 552, 1452, 524, 1464, 528, 500, 520, 496, 500, 432, 560, 496, 500, 436, 556, 484, 508, 484, 508, 1428, 560, 1460, 524, 1432, 556, 1428, 580};


16:- no swing, cool, fan(2)
unsigned int data[233] = {612, 17816, 3048, 8892, 552, 440, 556, 1432, 552, 440, 556, 436, 556, 440, 552, 440, 552, 444, 552, 440, 544, 480, 520, 1440, 544, 448, 548, 464, 528, 1456, 524, 472, 460, 532, 460, 1528, 552, 1432, 556, 1428, 556, 1432, 556, 1428, 552, 444, 552, 440, 552, 444, 552, 444, 548, 448, 544, 468, 520, 472, 460, 532, 520, 472, 460, 536, 524, 472, 548, 476, 520, 436, 556, 440, 552, 440, 552, 440, 552, 440, 552, 444, 552, 440, 552, 444, 552, 472, 516, 444, 548, 480, 516, 500, 428, 568, 424, 536, 456, 536, 456, 568, 428, 532, 484, 508, 552, 444, 544, 448, 552, 1432, 552, 1432, 552, 1436, 548, 1472, 452, 3004, 2956, 8968, 544, 1456, 528, 468, 520, 472, 460, 532, 464, 532, 460, 532, 548, 444, 548, 444, 548, 448, 552, 1468, 516, 440, 552, 440, 552, 448, 548, 1440, 480, 1504, 484, 1520, 528, 468, 460, 1528, 460, 1524, 460, 1564, 512, 1436, 552, 1436, 548, 1436, 552, 1440, 544, 1472, 516, 444, 548, 444, 548, 452, 540, 1464, 460, 1528, 456, 1528, 524, 472, 548, 440, 552, 444, 552, 444, 544, 444, 556, 472, 516, 440, 548, 448, 556, 472, 512, 1472, 516, 448, 552, 444, 544, 1456, 532, 1460, 460, 528, 464, 532, 524, 472, 552, 440, 552, 436, 560, 436, 552, 440, 556, 1432, 552, 1432, 556, 1432, 548, 1444, 480};




Binary values (no swing, cool, fan(2)):

30:01110001000000000000000100000100000101010101000000000000000000000000000000000000000000000000000000000000000001010101011101000000000000000001000001010001000101010101010101000000010101000000000000010101010000010100000000000000010101010
29:01110001000000000000000100000100000101010101000000000000000000000000000000000000000000000000000000000000000001010101011101000000000000000001000001010001000101010101010101000000010101000000000001000101010000010100000000000000010101010
28:01110001000000000000000100000100000101010101000000000000000000000000000000000000000000000000000000000000000001010101011101000000000000000001000000000101000101010101010101000000010101000000000000000101010000010100000000000000010101010
27:01110001000000000000000100000100000101010101000000000000000000000000000000000000000000000000000000000000000001010101011101000000000000000001000001010001000101010101010101000000010101000000000001010001010000010100000000000000010101010
26:01110001000000000000000100000100000101010101000000000000000000000000000000000000000000000000000000000000000001010101011101000000000000000001000000000101000101010101010101000000010101000000000000010001010000010100000000000000010101010
25:01110001000000000000000100000100000101010101000000000000000000000000000000000000000000000000000000000000000001010101011101000000000000000001000000000101000101010101010101000000010101000000000001000001010000010100000000000000010101010
24:01110001000000000000000100000100000101010101000000000000000000000000000000000000000000000000000000000000000001010101011101000000000000000001000001000101000101010101010101000000010101000000000000000001010000010100000000000000010101010
23:01110001000000000000000100000100000101010101000000000000000000000000000000000000000000000000000000000000000001010101011101000000000000000001000001010001000101010101010101000000010101000000000001010100010000010100000000000000010101010
22:01110001000000000000000100000100000101010101000000000000000000000000000000000000000000000000000000000000000001010101011101000000000000000001000000000101000101010101010101000000010101000000000000010100010000010100000000000000010101010
21:01110001000000000000000100000100000101010101000000000000000000000000000000000000000000000000000000000000000001010101011101000000000000000001000000000101000101010101010101000000010101000000000001000100010000010100000000000000010101010
20:01110001000000000000000100000100000101010101000000000000000000000000000000000000000000000000000000000000000001010101011101000000000000000001000001000101000101010101010101000000010101000000000000000100010000010100000000000000010101010
19:01110001000000000000000100000100000101010101000000000000000000000000000000000000000000000000000000000000000001010101011101000000000000000001000000000101000101010101010101000000010101000000000001010000010000010100000000000000010101010
18:01110001000000000000000100000100000101010101000000000000000000000000000000000000000000000000000000000000000001010101011101000000000000000001000001000101000101010101010101000000010101000000000000010000010000010100000000000000010101010
17:01110001000000000000000100000100000101010101000000000000000000000000000000000000000000000000000000000000000001010101011101000000000000000001000001000101000101010101010101000000010101000000000001000000010000010100000000000000010101010
16:01110001000000000000000100000100000101010101000000000000000000000000000000000000000000000000000000000000000001010101011101000000000000000001000000010101000101010101010101000000010101000000000000000000010000010100000000000000010101010




Binary hex values:

30:E20002082AA0000000000000000AAE800020A22AAA80A8002A828000AA
29:E20002082AA0000000000000000AAE800020A22AAA80A8008A828000AA
28:E20002082AA0000000000000000AAE8000200A2AAA80A8000A828000AA
27:E20002082AA0000000000000000AAE800020A22AAA80A800A2828000AA 
26:E20002082AA0000000000000000AAE8000208A2AAA80A80002828000AA
25:E20002082AA0000000000000000AAE8000200A2AAA80A80082828000AA
24:E20002082AA0000000000000000AAE8000208A2AAA80A80002828000AA
23:E20002082AA0000000000000000AAE800020A22AAA80A800A8828000AA
22:E20002082AA0000000000000000AAE800020A22AAA80A800A8828000AA
21:E20002082AA0000000000000000AAE8000200A2AAA80A80088828000AA
20:E20002082AA0000000000000000AAE8000208A2AAA80A80008828000AA
19:E20002082AA0000000000000000AAE8000200A2AAA80A800A0828000AA
18:E20002082AA0000000000000000AAE8000208A2AAA80A80020828000AA
17:E20002082AA0000000000000000AAE8000208A2AAA80A80080828000AA
16:E20002082AA0000000000000000AAE8000202A2AAA80A80000828000AA





30:
A22AAA80A8002A828000AA-fan(2)
222AAA80A8002AA28000AA-fan(3)

29:
A22AAA80A8008A828000AA-fan(2)
222AAA80A8008AA28000AA-fan(3)

28:
0A2AAA80A8000A828000AA-fan(2)
A22AAA80A8000AA28000AA-fan(3)

27:
A22AAA80A800A2828000AA-fan(2)
222AAA80A800A2A28000AA-fan(3)

26:
8A2AAA80A80002828000AA-fan(2)
8A2A2280A80022A28000AA-fan(3)

25:
0A2AAA80A80082828000AA-fan(2)
A22AAA80A80082A28000AA-fan(3)

24:
8A2AAA80A80002828000AA-fan(2)
0A2AAA80A80002A28000AA-fan(3)

23:
A22AAA80A800A8828000AA-fan(2)
222AAA80A800A8A28000AA-fan(3)

22:
A22AAA80A800A8828000AA-fan(2)
A22AAA80A80028A28000AA-fan(3)

21:
0A2AAA80A80088828000AA-fan(2)
A22AAA80A80088A28000AA-fan(3)

20:
8A2AAA80A80008828000AA-fan(2)
0A2AAA80A80008A28000AA-fan(3)

19:
0A2AAA80A800A0828000AA-fan(2)
A22AAA80A800A0A28000AA-fan(3)

18:
8A2AAA80A80020828000AA-fan(2)
0A2AAA80A80020A28000AA-fan(3)

17:
8A2AAA80A80080828000AA-fan(2)
0A2AAA80A80080A28000AA-fan(3)

16:
2A2AAA80A80000828000AA-fan(2)
0A2AAA80A80080A28000AA-fan(3)

 
